!Material file
1 1 1 0
-1 -1
eps:
 1,0
mu:
 1,0
2 1 1 0
-1 -1
eps:
 2.25,0
mu:
 1,0
3 1 1 0
-1 -1
eps:
 1,0
mu:
 1,0
4 1 1 0
-1 -1
eps:
 2.25,0
mu:
 1,0
5 1 1 0
-1 -1
eps:
 2.25,0
mu:
 1,0
6 1 1 0
-1 -1
eps:
 2.25,0
mu:
 1,0
7 1 1 0
-1 -1
eps:
 1,0
mu:
 1,0
8 1 1 0
-1 -1
eps:
 2.25,0
mu:
 1,0
9 1 1 0
-1 -1
eps:
 1,0
mu:
 1,0
10 1 1 0
-1 -1
eps:
 2.25,0
mu:
 1,0
11 1 1 0
-1 -1
eps:
 2.25,0
mu:
 1,0
12 1 1 0
-1 -1
eps:
 2.25,0
mu:
 1,0
13 1 1 0
-1 -1
eps:
 2.25,0
mu:
 1,0
14 1 1 0
-1 -1
eps:
 2.25,0
mu:
 1,0
15 1 1 0
-1 -1
eps:
 2.25,0
mu:
 1,0
16 1 1 0
-1 -1
eps:
 2.25,0
mu:
 1,0
17 1 1 0
-1 -1
eps:
 2.25,0
mu:
 1,0
18 1 1 0
-1 -1
eps:
 2.25,0
mu:
 1,0
19 1 1 0
-1 -1
eps:
 1,0
mu:
 1,0
20 1 1 0
-1 -1
eps:
 2.25,0
mu:
 1,0
21 1 1 0
-1 -1
eps:
 1,0
mu:
 1,0
22 1 1 0
-1 -1
eps:
 2.25,0
mu:
 1,0
23 1 1 0
-1 -1
eps:
 2.25,0
mu:
 1,0
24 1 1 0
-1 -1
eps:
 2.25,0
mu:
 1,0
25 1 1 0
-1 -1
eps:
 1,0
mu:
 1,0
26 1 1 0
-1 -1
eps:
 2.25,0
mu:
 1,0
27 1 1 0
-1 -1
eps:
 1,0
mu:
 1,0
28 0 0 1
1 0
eps:
 0.736267,-0.874638 -0.263733,1.04831 -0.263733,1.04831 -0.263733,1.04831 0.736267,-2.12171 -0.263733,0.424773 -0.263733,1.04831 -0.263733,0.424773 0.736267,-2.12171
 0.0523974,-0.760611 0.991985,1.36177 -0.780137,0.268226 0.991985,1.36177 -1.47613,-1.41634 -0.133608,0.12686 -0.780137,0.268226 -0.133608,0.12686 2.19658,-0.330579
 0.0523974,-0.760611 -0.780137,0.268226 0.991985,1.36177 -0.780137,0.268226 2.19658,-0.330579 -0.133608,0.12686 0.991985,1.36177 -0.133608,0.12686 -1.47613,-1.41634
 0.371353,-1.03668 -0.209549,1.05397 -0.209549,1.05397 -0.209549,1.05397 0.93015,-2.01159 -0.0698497,0.53489 -0.209549,1.05397 -0.0698497,0.53489 0.93015,-2.01159
 0.842523,-1.13666 -0.157477,0.928 -0.157477,0.928 -0.157477,0.928 0.842523,-2.1003 -0.157477,0.446178 -0.157477,0.928 -0.157477,0.446178 0.842523,-2.1003
 0.355835,-1.35105 0.655666,1.83472 -0.396406,0.181189 0.655666,1.83472 -0.668522,-2.61981 0.0368708,0.394285 -0.396406,0.181189 0.0368708,0.394285 1.43789,-0.954089
 0.355835,-1.35105 -0.396406,0.181189 0.655666,1.83472 -0.396406,0.181189 1.43789,-0.954089 0.0368708,0.394285 0.655666,1.83472 0.0368708,0.394285 -0.668522,-2.61981
 0.62463,-1.09868 -0.125123,0.908143 -0.125123,0.908143 -0.125123,0.908143 0.958292,-2.10192 -0.0417078,0.444562 -0.125123,0.908143 -0.0417078,0.444562 0.958292,-2.10192
mu:
 0.736267,-0.874638 -0.263733,1.04831 -0.263733,1.04831 -0.263733,1.04831 0.736267,-2.12171 -0.263733,0.424773 -0.263733,1.04831 -0.263733,0.424773 0.736267,-2.12171
 0.0523974,-0.760611 0.991985,1.36177 -0.780137,0.268226 0.991985,1.36177 -1.47613,-1.41634 -0.133608,0.12686 -0.780137,0.268226 -0.133608,0.12686 2.19658,-0.330579
 0.0523974,-0.760611 -0.780137,0.268226 0.991985,1.36177 -0.780137,0.268226 2.19658,-0.330579 -0.133608,0.12686 0.991985,1.36177 -0.133608,0.12686 -1.47613,-1.41634
 0.371353,-1.03668 -0.209549,1.05397 -0.209549,1.05397 -0.209549,1.05397 0.93015,-2.01159 -0.0698497,0.53489 -0.209549,1.05397 -0.0698497,0.53489 0.93015,-2.01159
 0.842523,-1.13666 -0.157477,0.928 -0.157477,0.928 -0.157477,0.928 0.842523,-2.1003 -0.157477,0.446178 -0.157477,0.928 -0.157477,0.446178 0.842523,-2.1003
 0.355835,-1.35105 0.655666,1.83472 -0.396406,0.181189 0.655666,1.83472 -0.668522,-2.61981 0.0368708,0.394285 -0.396406,0.181189 0.0368708,0.394285 1.43789,-0.954089
 0.355835,-1.35105 -0.396406,0.181189 0.655666,1.83472 -0.396406,0.181189 1.43789,-0.954089 0.0368708,0.394285 0.655666,1.83472 0.0368708,0.394285 -0.668522,-2.61981
 0.62463,-1.09868 -0.125123,0.908143 -0.125123,0.908143 -0.125123,0.908143 0.958292,-2.10192 -0.0417078,0.444562 -0.125123,0.908143 -0.0417078,0.444562 0.958292,-2.10192
29 0 0 1
1 0
eps:
 0.0523866,-0.478091 0.334563,1.38166 -0.315871,0.0522295 0.334563,1.38166 -0.958057,-1.72431 0.111521,-0.176679 -0.315871,0.0522295 0.111521,-0.176679 2.56173,-1.48543
 0.0523866,-0.478091 0.334563,1.38166 0.315871,-0.0522295 0.334563,1.38166 -0.958057,-1.72431 -0.111521,0.176679 0.315871,-0.0522295 -0.111521,0.176679 2.56173,-1.48543
 0.52797,-0.0524741 -0.943152,0.806888 -0.157343,0.194102 -0.943152,0.806888 2.0907,-1.02961 -0.314384,0.0565516 -0.157343,0.194102 -0.314384,0.0565516 -1.03845,-2.6235
 0.52797,-0.0524741 -0.943152,0.806888 0.157343,-0.194102 -0.943152,0.806888 2.0907,-1.02961 0.314384,-0.0565516 0.157343,-0.194102 0.314384,-0.0565516 -1.03845,-2.6235
 0.400578,-0.959336 0.25984,1.69573 -0.199807,0.0366402 0.25984,1.69573 -0.276579,-2.42609 0.0866132,0.0728371 -0.199807,0.0366402 0.0866132,0.0728371 1.5913,-1.56414
 0.400578,-0.959336 0.25984,1.69573 0.199807,-0.0366402 0.25984,1.69573 -0.276579,-2.42609 -0.0866132,-0.0728371 0.199807,-0.0366402 -0.0866132,-0.0728371 1.5913,-1.56414
 0.643157,-0.206171 -0.429075,0.684059 -0.118948,0.287695 -0.429075,0.684059 1.4115,-1.21622 -0.143025,0.0638839 -0.118948,0.287695 -0.143025,0.0638839 -0.370583,-3.55024
 0.643157,-0.206171 -0.429075,0.684059 0.118948,-0.287695 -0.429075,0.684059 1.4115,-1.21622 0.143025,-0.0638839 0.118948,-0.287695 0.143025,-0.0638839 -0.370583,-3.55024
mu:
 0.0523866,-0.478091 0.334563,1.38166 -0.315871,0.0522295 0.334563,1.38166 -0.958057,-1.72431 0.111521,-0.176679 -0.315871,0.0522295 0.111521,-0.176679 2.56173,-1.48543
 0.0523866,-0.478091 0.334563,1.38166 0.315871,-0.0522295 0.334563,1.38166 -0.958057,-1.72431 -0.111521,0.176679 0.315871,-0.0522295 -0.111521,0.176679 2.56173,-1.48543
 0.52797,-0.0524741 -0.943152,0.806888 -0.157343,0.194102 -0.943152,0.806888 2.0907,-1.02961 -0.314384,0.0565516 -0.157343,0.194102 -0.314384,0.0565516 -1.03845,-2.6235
 0.52797,-0.0524741 -0.943152,0.806888 0.157343,-0.194102 -0.943152,0.806888 2.0907,-1.02961 0.314384,-0.0565516 0.157343,-0.194102 0.314384,-0.0565516 -1.03845,-2.6235
 0.400578,-0.959336 0.25984,1.69573 -0.199807,0.0366402 0.25984,1.69573 -0.276579,-2.42609 0.0866132,0.0728371 -0.199807,0.0366402 0.0866132,0.0728371 1.5913,-1.56414
 0.400578,-0.959336 0.25984,1.69573 0.199807,-0.0366402 0.25984,1.69573 -0.276579,-2.42609 -0.0866132,-0.0728371 0.199807,-0.0366402 -0.0866132,-0.0728371 1.5913,-1.56414
 0.643157,-0.206171 -0.429075,0.684059 -0.118948,0.287695 -0.429075,0.684059 1.4115,-1.21622 -0.143025,0.0638839 -0.118948,0.287695 -0.143025,0.0638839 -0.370583,-3.55024
 0.643157,-0.206171 -0.429075,0.684059 0.118948,-0.287695 -0.429075,0.684059 1.4115,-1.21622 0.143025,-0.0638839 0.118948,-0.287695 0.143025,-0.0638839 -0.370583,-3.55024
30 0 0 1
1 0
eps:
 0.0523974,-0.760611 0.991985,1.36177 0.780137,-0.268226 0.991985,1.36177 -1.47613,-1.41634 0.133608,-0.12686 0.780137,-0.268226 0.133608,-0.12686 2.19658,-0.330579
 0.736267,-0.874638 -0.263733,1.04831 0.263733,-1.04831 -0.263733,1.04831 0.736267,-2.12171 0.263733,-0.424773 0.263733,-1.04831 0.263733,-0.424773 0.736267,-2.12171
 0.371353,-1.03668 -0.209549,1.05397 0.209549,-1.05397 -0.209549,1.05397 0.93015,-2.01159 0.0698497,-0.53489 0.209549,-1.05397 0.0698497,-0.53489 0.93015,-2.01159
 0.0523974,-0.760611 -0.780137,0.268226 -0.991985,-1.36177 -0.780137,0.268226 2.19658,-0.330579 0.133608,-0.12686 -0.991985,-1.36177 0.133608,-0.12686 -1.47613,-1.41634
 0.355835,-1.35105 0.655666,1.83472 0.396406,-0.181189 0.655666,1.83472 -0.668522,-2.61981 -0.0368708,-0.394285 0.396406,-0.181189 -0.0368708,-0.394285 1.43789,-0.954089
 0.842523,-1.13666 -0.157477,0.928 0.157477,-0.928 -0.157477,0.928 0.842523,-2.1003 0.157477,-0.446178 0.157477,-0.928 0.157477,-0.446178 0.842523,-2.1003
 0.62463,-1.09868 -0.125123,0.908143 0.125123,-0.908143 -0.125123,0.908143 0.958292,-2.10192 0.0417078,-0.444562 0.125123,-0.908143 0.0417078,-0.444562 0.958292,-2.10192
 0.355835,-1.35105 -0.396406,0.181189 -0.655666,-1.83472 -0.396406,0.181189 1.43789,-0.954089 -0.0368708,-0.394285 -0.655666,-1.83472 -0.0368708,-0.394285 -0.668522,-2.61981
mu:
 0.0523974,-0.760611 0.991985,1.36177 0.780137,-0.268226 0.991985,1.36177 -1.47613,-1.41634 0.133608,-0.12686 0.780137,-0.268226 0.133608,-0.12686 2.19658,-0.330579
 0.736267,-0.874638 -0.263733,1.04831 0.263733,-1.04831 -0.263733,1.04831 0.736267,-2.12171 0.263733,-0.424773 0.263733,-1.04831 0.263733,-0.424773 0.736267,-2.12171
 0.371353,-1.03668 -0.209549,1.05397 0.209549,-1.05397 -0.209549,1.05397 0.93015,-2.01159 0.0698497,-0.53489 0.209549,-1.05397 0.0698497,-0.53489 0.93015,-2.01159
 0.0523974,-0.760611 -0.780137,0.268226 -0.991985,-1.36177 -0.780137,0.268226 2.19658,-0.330579 0.133608,-0.12686 -0.991985,-1.36177 0.133608,-0.12686 -1.47613,-1.41634
 0.355835,-1.35105 0.655666,1.83472 0.396406,-0.181189 0.655666,1.83472 -0.668522,-2.61981 -0.0368708,-0.394285 0.396406,-0.181189 -0.0368708,-0.394285 1.43789,-0.954089
 0.842523,-1.13666 -0.157477,0.928 0.157477,-0.928 -0.157477,0.928 0.842523,-2.1003 0.157477,-0.446178 0.157477,-0.928 0.157477,-0.446178 0.842523,-2.1003
 0.62463,-1.09868 -0.125123,0.908143 0.125123,-0.908143 -0.125123,0.908143 0.958292,-2.10192 0.0417078,-0.444562 0.125123,-0.908143 0.0417078,-0.444562 0.958292,-2.10192
 0.355835,-1.35105 -0.396406,0.181189 -0.655666,-1.83472 -0.396406,0.181189 1.43789,-0.954089 -0.0368708,-0.394285 -0.655666,-1.83472 -0.0368708,-0.394285 -0.668522,-2.61981
31 0 0 1
1 0
eps:
 0.0523866,-0.478091 -0.315871,0.0522295 0.334563,1.38166 -0.315871,0.0522295 2.56173,-1.48543 0.111521,-0.176679 0.334563,1.38166 0.111521,-0.176679 -0.958057,-1.72431
 0.52797,-0.0524741 -0.157343,0.194102 -0.943152,0.806888 -0.157343,0.194102 -1.03845,-2.6235 -0.314384,0.0565516 -0.943152,0.806888 -0.314384,0.0565516 2.0907,-1.02961
 0.0523866,-0.478091 0.315871,-0.0522295 0.334563,1.38166 0.315871,-0.0522295 2.56173,-1.48543 -0.111521,0.176679 0.334563,1.38166 -0.111521,0.176679 -0.958057,-1.72431
 0.52797,-0.0524741 0.157343,-0.194102 -0.943152,0.806888 0.157343,-0.194102 -1.03845,-2.6235 0.314384,-0.0565516 -0.943152,0.806888 0.314384,-0.0565516 2.0907,-1.02961
 0.400578,-0.959336 -0.199807,0.0366402 0.25984,1.69573 -0.199807,0.0366402 1.5913,-1.56414 0.0866132,0.0728371 0.25984,1.69573 0.0866132,0.0728371 -0.276579,-2.42609
 0.643157,-0.206171 -0.118948,0.287695 -0.429075,0.684059 -0.118948,0.287695 -0.370583,-3.55024 -0.143025,0.0638839 -0.429075,0.684059 -0.143025,0.0638839 1.4115,-1.21622
 0.400578,-0.959336 0.199807,-0.0366402 0.25984,1.69573 0.199807,-0.0366402 1.5913,-1.56414 -0.0866132,-0.0728371 0.25984,1.69573 -0.0866132,-0.0728371 -0.276579,-2.42609
 0.643157,-0.206171 0.118948,-0.287695 -0.429075,0.684059 0.118948,-0.287695 -0.370583,-3.55024 0.143025,-0.0638839 -0.429075,0.684059 0.143025,-0.0638839 1.4115,-1.21622
mu:
 0.0523866,-0.478091 -0.315871,0.0522295 0.334563,1.38166 -0.315871,0.0522295 2.56173,-1.48543 0.111521,-0.176679 0.334563,1.38166 0.111521,-0.176679 -0.958057,-1.72431
 0.52797,-0.0524741 -0.157343,0.194102 -0.943152,0.806888 -0.157343,0.194102 -1.03845,-2.6235 -0.314384,0.0565516 -0.943152,0.806888 -0.314384,0.0565516 2.0907,-1.02961
 0.0523866,-0.478091 0.315871,-0.0522295 0.334563,1.38166 0.315871,-0.0522295 2.56173,-1.48543 -0.111521,0.176679 0.334563,1.38166 -0.111521,0.176679 -0.958057,-1.72431
 0.52797,-0.0524741 0.157343,-0.194102 -0.943152,0.806888 0.157343,-0.194102 -1.03845,-2.6235 0.314384,-0.0565516 -0.943152,0.806888 0.314384,-0.0565516 2.0907,-1.02961
 0.400578,-0.959336 -0.199807,0.0366402 0.25984,1.69573 -0.199807,0.0366402 1.5913,-1.56414 0.0866132,0.0728371 0.25984,1.69573 0.0866132,0.0728371 -0.276579,-2.42609
 0.643157,-0.206171 -0.118948,0.287695 -0.429075,0.684059 -0.118948,0.287695 -0.370583,-3.55024 -0.143025,0.0638839 -0.429075,0.684059 -0.143025,0.0638839 1.4115,-1.21622
 0.400578,-0.959336 0.199807,-0.0366402 0.25984,1.69573 0.199807,-0.0366402 1.5913,-1.56414 -0.0866132,-0.0728371 0.25984,1.69573 -0.0866132,-0.0728371 -0.276579,-2.42609
 0.643157,-0.206171 0.118948,-0.287695 -0.429075,0.684059 0.118948,-0.287695 -0.370583,-3.55024 0.143025,-0.0638839 -0.429075,0.684059 0.143025,-0.0638839 1.4115,-1.21622
32 1 1 0
-1 -1
eps:
 1,0
mu:
 1,0
33 0 0 1
1 0
eps:
 0.52797,-0.0524741 -0.157343,0.194102 0.943152,-0.806888 -0.157343,0.194102 -1.03845,-2.6235 0.314384,-0.0565516 0.943152,-0.806888 0.314384,-0.0565516 2.0907,-1.02961
 0.0523866,-0.478091 -0.315871,0.0522295 -0.334563,-1.38166 -0.315871,0.0522295 2.56173,-1.48543 -0.111521,0.176679 -0.334563,-1.38166 -0.111521,0.176679 -0.958057,-1.72431
 0.52797,-0.0524741 0.157343,-0.194102 0.943152,-0.806888 0.157343,-0.194102 -1.03845,-2.6235 -0.314384,0.0565516 0.943152,-0.806888 -0.314384,0.0565516 2.0907,-1.02961
 0.0523866,-0.478091 0.315871,-0.0522295 -0.334563,-1.38166 0.315871,-0.0522295 2.56173,-1.48543 0.111521,-0.176679 -0.334563,-1.38166 0.111521,-0.176679 -0.958057,-1.72431
 0.643157,-0.206171 -0.118948,0.287695 0.429075,-0.684059 -0.118948,0.287695 -0.370583,-3.55024 0.143025,-0.0638839 0.429075,-0.684059 0.143025,-0.0638839 1.4115,-1.21622
 0.400578,-0.959336 -0.199807,0.0366402 -0.25984,-1.69573 -0.199807,0.0366402 1.5913,-1.56414 -0.0866132,-0.0728371 -0.25984,-1.69573 -0.0866132,-0.0728371 -0.276579,-2.42609
 0.643157,-0.206171 0.118948,-0.287695 0.429075,-0.684059 0.118948,-0.287695 -0.370583,-3.55024 -0.143025,0.0638839 0.429075,-0.684059 -0.143025,0.0638839 1.4115,-1.21622
 0.400578,-0.959336 0.199807,-0.0366402 -0.25984,-1.69573 0.199807,-0.0366402 1.5913,-1.56414 0.0866132,0.0728371 -0.25984,-1.69573 0.0866132,0.0728371 -0.276579,-2.42609
mu:
 0.52797,-0.0524741 -0.157343,0.194102 0.943152,-0.806888 -0.157343,0.194102 -1.03845,-2.6235 0.314384,-0.0565516 0.943152,-0.806888 0.314384,-0.0565516 2.0907,-1.02961
 0.0523866,-0.478091 -0.315871,0.0522295 -0.334563,-1.38166 -0.315871,0.0522295 2.56173,-1.48543 -0.111521,0.176679 -0.334563,-1.38166 -0.111521,0.176679 -0.958057,-1.72431
 0.52797,-0.0524741 0.157343,-0.194102 0.943152,-0.806888 0.157343,-0.194102 -1.03845,-2.6235 -0.314384,0.0565516 0.943152,-0.806888 -0.314384,0.0565516 2.0907,-1.02961
 0.0523866,-0.478091 0.315871,-0.0522295 -0.334563,-1.38166 0.315871,-0.0522295 2.56173,-1.48543 0.111521,-0.176679 -0.334563,-1.38166 0.111521,-0.176679 -0.958057,-1.72431
 0.643157,-0.206171 -0.118948,0.287695 0.429075,-0.684059 -0.118948,0.287695 -0.370583,-3.55024 0.143025,-0.0638839 0.429075,-0.684059 0.143025,-0.0638839 1.4115,-1.21622
 0.400578,-0.959336 -0.199807,0.0366402 -0.25984,-1.69573 -0.199807,0.0366402 1.5913,-1.56414 -0.0866132,-0.0728371 -0.25984,-1.69573 -0.0866132,-0.0728371 -0.276579,-2.42609
 0.643157,-0.206171 0.118948,-0.287695 0.429075,-0.684059 0.118948,-0.287695 -0.370583,-3.55024 -0.143025,0.0638839 0.429075,-0.684059 -0.143025,0.0638839 1.4115,-1.21622
 0.400578,-0.959336 0.199807,-0.0366402 -0.25984,-1.69573 0.199807,-0.0366402 1.5913,-1.56414 0.0866132,0.0728371 -0.25984,-1.69573 0.0866132,0.0728371 -0.276579,-2.42609
34 0 0 1
1 0
eps:
 0.0523974,-0.760611 0.780137,-0.268226 0.991985,1.36177 0.780137,-0.268226 2.19658,-0.330579 0.133608,-0.12686 0.991985,1.36177 0.133608,-0.12686 -1.47613,-1.41634
 0.371353,-1.03668 0.209549,-1.05397 -0.209549,1.05397 0.209549,-1.05397 0.93015,-2.01159 0.0698497,-0.53489 -0.209549,1.05397 0.0698497,-0.53489 0.93015,-2.01159
 0.736267,-0.874638 0.263733,-1.04831 -0.263733,1.04831 0.263733,-1.04831 0.736267,-2.12171 0.263733,-0.424773 -0.263733,1.04831 0.263733,-0.424773 0.736267,-2.12171
 0.0523974,-0.760611 -0.991985,-1.36177 -0.780137,0.268226 -0.991985,-1.36177 -1.47613,-1.41634 0.133608,-0.12686 -0.780137,0.268226 0.133608,-0.12686 2.19658,-0.330579
 0.355835,-1.35105 0.396406,-0.181189 0.655666,1.83472 0.396406,-0.181189 1.43789,-0.954089 -0.0368708,-0.394285 0.655666,1.83472 -0.0368708,-0.394285 -0.668522,-2.61981
 0.62463,-1.09868 0.125123,-0.908143 -0.125123,0.908143 0.125123,-0.908143 0.958292,-2.10192 0.0417078,-0.444562 -0.125123,0.908143 0.0417078,-0.444562 0.958292,-2.10192
 0.842523,-1.13666 0.157477,-0.928 -0.157477,0.928 0.157477,-0.928 0.842523,-2.1003 0.157477,-0.446178 -0.157477,0.928 0.157477,-0.446178 0.842523,-2.1003
 0.355835,-1.35105 -0.655666,-1.83472 -0.396406,0.181189 -0.655666,-1.83472 -0.668522,-2.61981 -0.0368708,-0.394285 -0.396406,0.181189 -0.0368708,-0.394285 1.43789,-0.954089
mu:
 0.0523974,-0.760611 0.780137,-0.268226 0.991985,1.36177 0.780137,-0.268226 2.19658,-0.330579 0.133608,-0.12686 0.991985,1.36177 0.133608,-0.12686 -1.47613,-1.41634
 0.371353,-1.03668 0.209549,-1.05397 -0.209549,1.05397 0.209549,-1.05397 0.93015,-2.01159 0.0698497,-0.53489 -0.209549,1.05397 0.0698497,-0.53489 0.93015,-2.01159
 0.736267,-0.874638 0.263733,-1.04831 -0.263733,1.04831 0.263733,-1.04831 0.736267,-2.12171 0.263733,-0.424773 -0.263733,1.04831 0.263733,-0.424773 0.736267,-2.12171
 0.0523974,-0.760611 -0.991985,-1.36177 -0.780137,0.268226 -0.991985,-1.36177 -1.47613,-1.41634 0.133608,-0.12686 -0.780137,0.268226 0.133608,-0.12686 2.19658,-0.330579
 0.355835,-1.35105 0.396406,-0.181189 0.655666,1.83472 0.396406,-0.181189 1.43789,-0.954089 -0.0368708,-0.394285 0.655666,1.83472 -0.0368708,-0.394285 -0.668522,-2.61981
 0.62463,-1.09868 0.125123,-0.908143 -0.125123,0.908143 0.125123,-0.908143 0.958292,-2.10192 0.0417078,-0.444562 -0.125123,0.908143 0.0417078,-0.444562 0.958292,-2.10192
 0.842523,-1.13666 0.157477,-0.928 -0.157477,0.928 0.157477,-0.928 0.842523,-2.1003 0.157477,-0.446178 -0.157477,0.928 0.157477,-0.446178 0.842523,-2.1003
 0.355835,-1.35105 -0.655666,-1.83472 -0.396406,0.181189 -0.655666,-1.83472 -0.668522,-2.61981 -0.0368708,-0.394285 -0.396406,0.181189 -0.0368708,-0.394285 1.43789,-0.954089
35 0 0 1
1 0
eps:
 0.52797,-0.0524741 0.943152,-0.806888 -0.157343,0.194102 0.943152,-0.806888 2.0907,-1.02961 0.314384,-0.0565516 -0.157343,0.194102 0.314384,-0.0565516 -1.03845,-2.6235
 0.52797,-0.0524741 0.943152,-0.806888 0.157343,-0.194102 0.943152,-0.806888 2.0907,-1.02961 -0.314384,0.0565516 0.157343,-0.194102 -0.314384,0.0565516 -1.03845,-2.6235
 0.0523866,-0.478091 -0.334563,-1.38166 -0.315871,0.0522295 -0.334563,-1.38166 -0.958057,-1.72431 -0.111521,0.176679 -0.315871,0.0522295 -0.111521,0.176679 2.56173,-1.48543
 0.0523866,-0.478091 -0.334563,-1.38166 0.315871,-0.0522295 -0.334563,-1.38166 -0.958057,-1.72431 0.111521,-0.176679 0.315871,-0.0522295 0.111521,-0.176679 2.56173,-1.48543
 0.643157,-0.206171 0.429075,-0.684059 -0.118948,0.287695 0.429075,-0.684059 1.4115,-1.21622 0.143025,-0.0638839 -0.118948,0.287695 0.143025,-0.0638839 -0.370583,-3.55024
 0.643157,-0.206171 0.429075,-0.684059 0.118948,-0.287695 0.429075,-0.684059 1.4115,-1.21622 -0.143025,0.0638839 0.118948,-0.287695 -0.143025,0.0638839 -0.370583,-3.55024
 0.400578,-0.959336 -0.25984,-1.69573 -0.199807,0.0366402 -0.25984,-1.69573 -0.276579,-2.42609 -0.0866132,-0.0728371 -0.199807,0.0366402 -0.0866132,-0.0728371 1.5913,-1.56414
 0.400578,-0.959336 -0.25984,-1.69573 0.199807,-0.0366402 -0.25984,-1.69573 -0.276579,-2.42609 0.0866132,0.0728371 0.199807,-0.0366402 0.0866132,0.0728371 1.5913,-1.56414
mu:
 0.52797,-0.0524741 0.943152,-0.806888 -0.157343,0.194102 0.943152,-0.806888 2.0907,-1.02961 0.314384,-0.0565516 -0.157343,0.194102 0.314384,-0.0565516 -1.03845,-2.6235
 0.52797,-0.0524741 0.943152,-0.806888 0.157343,-0.194102 0.943152,-0.806888 2.0907,-1.02961 -0.314384,0.0565516 0.157343,-0.194102 -0.314384,0.0565516 -1.03845,-2.6235
 0.0523866,-0.478091 -0.334563,-1.38166 -0.315871,0.0522295 -0.334563,-1.38166 -0.958057,-1.72431 -0.111521,0.176679 -0.315871,0.0522295 -0.111521,0.176679 2.56173,-1.48543
 0.0523866,-0.478091 -0.334563,-1.38166 0.315871,-0.0522295 -0.334563,-1.38166 -0.958057,-1.72431 0.111521,-0.176679 0.315871,-0.0522295 0.111521,-0.176679 2.56173,-1.48543
 0.643157,-0.206171 0.429075,-0.684059 -0.118948,0.287695 0.429075,-0.684059 1.4115,-1.21622 0.143025,-0.0638839 -0.118948,0.287695 0.143025,-0.0638839 -0.370583,-3.55024
 0.643157,-0.206171 0.429075,-0.684059 0.118948,-0.287695 0.429075,-0.684059 1.4115,-1.21622 -0.143025,0.0638839 0.118948,-0.287695 -0.143025,0.0638839 -0.370583,-3.55024
 0.400578,-0.959336 -0.25984,-1.69573 -0.199807,0.0366402 -0.25984,-1.69573 -0.276579,-2.42609 -0.0866132,-0.0728371 -0.199807,0.0366402 -0.0866132,-0.0728371 1.5913,-1.56414
 0.400578,-0.959336 -0.25984,-1.69573 0.199807,-0.0366402 -0.25984,-1.69573 -0.276579,-2.42609 0.0866132,0.0728371 0.199807,-0.0366402 0.0866132,0.0728371 1.5913,-1.56414
36 0 0 1
1 0
eps:
 0.371353,-1.03668 0.209549,-1.05397 0.209549,-1.05397 0.209549,-1.05397 0.93015,-2.01159 -0.0698497,0.53489 0.209549,-1.05397 -0.0698497,0.53489 0.93015,-2.01159
 0.0523974,-0.760611 0.780137,-0.268226 -0.991985,-1.36177 0.780137,-0.268226 2.19658,-0.330579 -0.133608,0.12686 -0.991985,-1.36177 -0.133608,0.12686 -1.47613,-1.41634
 0.0523974,-0.760611 -0.991985,-1.36177 0.780137,-0.268226 -0.991985,-1.36177 -1.47613,-1.41634 -0.133608,0.12686 0.780137,-0.268226 -0.133608,0.12686 2.19658,-0.330579
 0.736267,-0.874638 0.263733,-1.04831 0.263733,-1.04831 0.263733,-1.04831 0.736267,-2.12171 -0.263733,0.424773 0.263733,-1.04831 -0.263733,0.424773 0.736267,-2.12171
 0.62463,-1.09868 0.125123,-0.908143 0.125123,-0.908143 0.125123,-0.908143 0.958292,-2.10192 -0.0417078,0.444562 0.125123,-0.908143 -0.0417078,0.444562 0.958292,-2.10192
 0.355835,-1.35105 0.396406,-0.181189 -0.655666,-1.83472 0.396406,-0.181189 1.43789,-0.954089 0.0368708,0.394285 -0.655666,-1.83472 0.0368708,0.394285 -0.668522,-2.61981
 0.355835,-1.35105 -0.655666,-1.83472 0.396406,-0.181189 -0.655666,-1.83472 -0.668522,-2.61981 0.0368708,0.394285 0.396406,-0.181189 0.0368708,0.394285 1.43789,-0.954089
 0.842523,-1.13666 0.157477,-0.928 0.157477,-0.928 0.157477,-0.928 0.842523,-2.1003 -0.157477,0.446178 0.157477,-0.928 -0.157477,0.446178 0.842523,-2.1003
mu:
 0.371353,-1.03668 0.209549,-1.05397 0.209549,-1.05397 0.209549,-1.05397 0.93015,-2.01159 -0.0698497,0.53489 0.209549,-1.05397 -0.0698497,0.53489 0.93015,-2.01159
 0.0523974,-0.760611 0.780137,-0.268226 -0.991985,-1.36177 0.780137,-0.268226 2.19658,-0.330579 -0.133608,0.12686 -0.991985,-1.36177 -0.133608,0.12686 -1.47613,-1.41634
 0.0523974,-0.760611 -0.991985,-1.36177 0.780137,-0.268226 -0.991985,-1.36177 -1.47613,-1.41634 -0.133608,0.12686 0.780137,-0.268226 -0.133608,0.12686 2.19658,-0.330579
 0.736267,-0.874638 0.263733,-1.04831 0.263733,-1.04831 0.263733,-1.04831 0.736267,-2.12171 -0.263733,0.424773 0.263733,-1.04831 -0.263733,0.424773 0.736267,-2.12171
 0.62463,-1.09868 0.125123,-0.908143 0.125123,-0.908143 0.125123,-0.908143 0.958292,-2.10192 -0.0417078,0.444562 0.125123,-0.908143 -0.0417078,0.444562 0.958292,-2.10192
 0.355835,-1.35105 0.396406,-0.181189 -0.655666,-1.83472 0.396406,-0.181189 1.43789,-0.954089 0.0368708,0.394285 -0.655666,-1.83472 0.0368708,0.394285 -0.668522,-2.61981
 0.355835,-1.35105 -0.655666,-1.83472 0.396406,-0.181189 -0.655666,-1.83472 -0.668522,-2.61981 0.0368708,0.394285 0.396406,-0.181189 0.0368708,0.394285 1.43789,-0.954089
 0.842523,-1.13666 0.157477,-0.928 0.157477,-0.928 0.157477,-0.928 0.842523,-2.1003 -0.157477,0.446178 0.157477,-0.928 -0.157477,0.446178 0.842523,-2.1003
37 0 0 1
1 0
eps:
 0.736267,-0.874638 0.263733,-1.04831 0.263733,-1.04831 0.263733,-1.04831 0.736267,-2.12171 -0.263733,0.424773 0.263733,-1.04831 -0.263733,0.424773 0.736267,-2.12171
 0.0523974,-0.760611 0.780137,-0.268226 -0.991985,-1.36177 0.780137,-0.268226 2.19658,-0.330579 -0.133608,0.12686 -0.991985,-1.36177 -0.133608,0.12686 -1.47613,-1.41634
 0.0523974,-0.760611 -0.991985,-1.36177 0.780137,-0.268226 -0.991985,-1.36177 -1.47613,-1.41634 -0.133608,0.12686 0.780137,-0.268226 -0.133608,0.12686 2.19658,-0.330579
 0.371353,-1.03668 0.209549,-1.05397 0.209549,-1.05397 0.209549,-1.05397 0.93015,-2.01159 -0.0698497,0.53489 0.209549,-1.05397 -0.0698497,0.53489 0.93015,-2.01159
 0.842523,-1.13666 0.157477,-0.928 0.157477,-0.928 0.157477,-0.928 0.842523,-2.1003 -0.157477,0.446178 0.157477,-0.928 -0.157477,0.446178 0.842523,-2.1003
 0.355835,-1.35105 0.396406,-0.181189 -0.655666,-1.83472 0.396406,-0.181189 1.43789,-0.954089 0.0368708,0.394285 -0.655666,-1.83472 0.0368708,0.394285 -0.668522,-2.61981
 0.355835,-1.35105 -0.655666,-1.83472 0.396406,-0.181189 -0.655666,-1.83472 -0.668522,-2.61981 0.0368708,0.394285 0.396406,-0.181189 0.0368708,0.394285 1.43789,-0.954089
 0.62463,-1.09868 0.125123,-0.908143 0.125123,-0.908143 0.125123,-0.908143 0.958292,-2.10192 -0.0417078,0.444562 0.125123,-0.908143 -0.0417078,0.444562 0.958292,-2.10192
mu:
 0.736267,-0.874638 0.263733,-1.04831 0.263733,-1.04831 0.263733,-1.04831 0.736267,-2.12171 -0.263733,0.424773 0.263733,-1.04831 -0.263733,0.424773 0.736267,-2.12171
 0.0523974,-0.760611 0.780137,-0.268226 -0.991985,-1.36177 0.780137,-0.268226 2.19658,-0.330579 -0.133608,0.12686 -0.991985,-1.36177 -0.133608,0.12686 -1.47613,-1.41634
 0.0523974,-0.760611 -0.991985,-1.36177 0.780137,-0.268226 -0.991985,-1.36177 -1.47613,-1.41634 -0.133608,0.12686 0.780137,-0.268226 -0.133608,0.12686 2.19658,-0.330579
 0.371353,-1.03668 0.209549,-1.05397 0.209549,-1.05397 0.209549,-1.05397 0.93015,-2.01159 -0.0698497,0.53489 0.209549,-1.05397 -0.0698497,0.53489 0.93015,-2.01159
 0.842523,-1.13666 0.157477,-0.928 0.157477,-0.928 0.157477,-0.928 0.842523,-2.1003 -0.157477,0.446178 0.157477,-0.928 -0.157477,0.446178 0.842523,-2.1003
 0.355835,-1.35105 0.396406,-0.181189 -0.655666,-1.83472 0.396406,-0.181189 1.43789,-0.954089 0.0368708,0.394285 -0.655666,-1.83472 0.0368708,0.394285 -0.668522,-2.61981
 0.355835,-1.35105 -0.655666,-1.83472 0.396406,-0.181189 -0.655666,-1.83472 -0.668522,-2.61981 0.0368708,0.394285 0.396406,-0.181189 0.0368708,0.394285 1.43789,-0.954089
 0.62463,-1.09868 0.125123,-0.908143 0.125123,-0.908143 0.125123,-0.908143 0.958292,-2.10192 -0.0417078,0.444562 0.125123,-0.908143 -0.0417078,0.444562 0.958292,-2.10192
38 0 0 1
1 0
eps:
 0.0523866,-0.478091 0.315871,-0.0522295 -0.334563,-1.38166 0.315871,-0.0522295 2.56173,-1.48543 0.111521,-0.176679 -0.334563,-1.38166 0.111521,-0.176679 -0.958057,-1.72431
 0.0523866,-0.478091 -0.315871,0.0522295 -0.334563,-1.38166 -0.315871,0.0522295 2.56173,-1.48543 -0.111521,0.176679 -0.334563,-1.38166 -0.111521,0.176679 -0.958057,-1.72431
 0.52797,-0.0524741 0.157343,-0.194102 0.943152,-0.806888 0.157343,-0.194102 -1.03845,-2.6235 -0.314384,0.0565516 0.943152,-0.806888 -0.314384,0.0565516 2.0907,-1.02961
 0.52797,-0.0524741 -0.157343,0.194102 0.943152,-0.806888 -0.157343,0.194102 -1.03845,-2.6235 0.314384,-0.0565516 0.943152,-0.806888 0.314384,-0.0565516 2.0907,-1.02961
 0.400578,-0.959336 0.199807,-0.0366402 -0.25984,-1.69573 0.199807,-0.0366402 1.5913,-1.56414 0.0866132,0.0728371 -0.25984,-1.69573 0.0866132,0.0728371 -0.276579,-2.42609
 0.400578,-0.959336 -0.199807,0.0366402 -0.25984,-1.69573 -0.199807,0.0366402 1.5913,-1.56414 -0.0866132,-0.0728371 -0.25984,-1.69573 -0.0866132,-0.0728371 -0.276579,-2.42609
 0.643157,-0.206171 0.118948,-0.287695 0.429075,-0.684059 0.118948,-0.287695 -0.370583,-3.55024 -0.143025,0.0638839 0.429075,-0.684059 -0.143025,0.0638839 1.4115,-1.21622
 0.643157,-0.206171 -0.118948,0.287695 0.429075,-0.684059 -0.118948,0.287695 -0.370583,-3.55024 0.143025,-0.0638839 0.429075,-0.684059 0.143025,-0.0638839 1.4115,-1.21622
mu:
 0.0523866,-0.478091 0.315871,-0.0522295 -0.334563,-1.38166 0.315871,-0.0522295 2.56173,-1.48543 0.111521,-0.176679 -0.334563,-1.38166 0.111521,-0.176679 -0.958057,-1.72431
 0.0523866,-0.478091 -0.315871,0.0522295 -0.334563,-1.38166 -0.315871,0.0522295 2.56173,-1.48543 -0.111521,0.176679 -0.334563,-1.38166 -0.111521,0.176679 -0.958057,-1.72431
 0.52797,-0.0524741 0.157343,-0.194102 0.943152,-0.806888 0.157343,-0.194102 -1.03845,-2.6235 -0.314384,0.0565516 0.943152,-0.806888 -0.314384,0.0565516 2.0907,-1.02961
 0.52797,-0.0524741 -0.157343,0.194102 0.943152,-0.806888 -0.157343,0.194102 -1.03845,-2.6235 0.314384,-0.0565516 0.943152,-0.806888 0.314384,-0.0565516 2.0907,-1.02961
 0.400578,-0.959336 0.199807,-0.0366402 -0.25984,-1.69573 0.199807,-0.0366402 1.5913,-1.56414 0.0866132,0.0728371 -0.25984,-1.69573 0.0866132,0.0728371 -0.276579,-2.42609
 0.400578,-0.959336 -0.199807,0.0366402 -0.25984,-1.69573 -0.199807,0.0366402 1.5913,-1.56414 -0.0866132,-0.0728371 -0.25984,-1.69573 -0.0866132,-0.0728371 -0.276579,-2.42609
 0.643157,-0.206171 0.118948,-0.287695 0.429075,-0.684059 0.118948,-0.287695 -0.370583,-3.55024 -0.143025,0.0638839 0.429075,-0.684059 -0.143025,0.0638839 1.4115,-1.21622
 0.643157,-0.206171 -0.118948,0.287695 0.429075,-0.684059 -0.118948,0.287695 -0.370583,-3.55024 0.143025,-0.0638839 0.429075,-0.684059 0.143025,-0.0638839 1.4115,-1.21622
39 0 0 1
1 0
eps:
 0.0523974,-0.760611 -0.780137,0.268226 -0.991985,-1.36177 -0.780137,0.268226 2.19658,-0.330579 0.133608,-0.12686 -0.991985,-1.36177 0.133608,-0.12686 -1.47613,-1.41634
 0.736267,-0.874638 -0.263733,1.04831 0.263733,-1.04831 -0.263733,1.04831 0.736267,-2.12171 0.263733,-0.424773 0.263733,-1.04831 0.263733,-0.424773 0.736267,-2.12171
 0.371353,-1.03668 -0.209549,1.05397 0.209549,-1.05397 -0.209549,1.05397 0.93015,-2.01159 0.0698497,-0.53489 0.209549,-1.05397 0.0698497,-0.53489 0.93015,-2.01159
 0.0523974,-0.760611 0.991985,1.36177 0.780137,-0.268226 0.991985,1.36177 -1.47613,-1.41634 0.133608,-0.12686 0.780137,-0.268226 0.133608,-0.12686 2.19658,-0.330579
 0.355835,-1.35105 -0.396406,0.181189 -0.655666,-1.83472 -0.396406,0.181189 1.43789,-0.954089 -0.0368708,-0.394285 -0.655666,-1.83472 -0.0368708,-0.394285 -0.668522,-2.61981
 0.842523,-1.13666 -0.157477,0.928 0.157477,-0.928 -0.157477,0.928 0.842523,-2.1003 0.157477,-0.446178 0.157477,-0.928 0.157477,-0.446178 0.842523,-2.1003
 0.62463,-1.09868 -0.125123,0.908143 0.125123,-0.908143 -0.125123,0.908143 0.958292,-2.10192 0.0417078,-0.444562 0.125123,-0.908143 0.0417078,-0.444562 0.958292,-2.10192
 0.355835,-1.35105 0.655666,1.83472 0.396406,-0.181189 0.655666,1.83472 -0.668522,-2.61981 -0.0368708,-0.394285 0.396406,-0.181189 -0.0368708,-0.394285 1.43789,-0.954089
mu:
 0.0523974,-0.760611 -0.780137,0.268226 -0.991985,-1.36177 -0.780137,0.268226 2.19658,-0.330579 0.133608,-0.12686 -0.991985,-1.36177 0.133608,-0.12686 -1.47613,-1.41634
 0.736267,-0.874638 -0.263733,1.04831 0.263733,-1.04831 -0.263733,1.04831 0.736267,-2.12171 0.263733,-0.424773 0.263733,-1.04831 0.263733,-0.424773 0.736267,-2.12171
 0.371353,-1.03668 -0.209549,1.05397 0.209549,-1.05397 -0.209549,1.05397 0.93015,-2.01159 0.0698497,-0.53489 0.209549,-1.05397 0.0698497,-0.53489 0.93015,-2.01159
 0.0523974,-0.760611 0.991985,1.36177 0.780137,-0.268226 0.991985,1.36177 -1.47613,-1.41634 0.133608,-0.12686 0.780137,-0.268226 0.133608,-0.12686 2.19658,-0.330579
 0.355835,-1.35105 -0.396406,0.181189 -0.655666,-1.83472 -0.396406,0.181189 1.43789,-0.954089 -0.0368708,-0.394285 -0.655666,-1.83472 -0.0368708,-0.394285 -0.668522,-2.61981
 0.842523,-1.13666 -0.157477,0.928 0.157477,-0.928 -0.157477,0.928 0.842523,-2.1003 0.157477,-0.446178 0.157477,-0.928 0.157477,-0.446178 0.842523,-2.1003
 0.62463,-1.09868 -0.125123,0.908143 0.125123,-0.908143 -0.125123,0.908143 0.958292,-2.10192 0.0417078,-0.444562 0.125123,-0.908143 0.0417078,-0.444562 0.958292,-2.10192
 0.355835,-1.35105 0.655666,1.83472 0.396406,-0.181189 0.655666,1.83472 -0.668522,-2.61981 -0.0368708,-0.394285 0.396406,-0.181189 -0.0368708,-0.394285 1.43789,-0.954089
40 0 0 1
1 0
eps:
 0.0523866,-0.478091 -0.334563,-1.38166 0.315871,-0.0522295 -0.334563,-1.38166 -0.958057,-1.72431 0.111521,-0.176679 0.315871,-0.0522295 0.111521,-0.176679 2.56173,-1.48543
 0.52797,-0.0524741 0.943152,-0.806888 0.157343,-0.194102 0.943152,-0.806888 2.0907,-1.02961 -0.314384,0.0565516 0.157343,-0.194102 -0.314384,0.0565516 -1.03845,-2.6235
 0.0523866,-0.478091 -0.334563,-1.38166 -0.315871,0.0522295 -0.334563,-1.38166 -0.958057,-1.72431 -0.111521,0.176679 -0.315871,0.0522295 -0.111521,0.176679 2.56173,-1.48543
 0.52797,-0.0524741 0.943152,-0.806888 -0.157343,0.194102 0.943152,-0.806888 2.0907,-1.02961 0.314384,-0.0565516 -0.157343,0.194102 0.314384,-0.0565516 -1.03845,-2.6235
 0.400578,-0.959336 -0.25984,-1.69573 0.199807,-0.0366402 -0.25984,-1.69573 -0.276579,-2.42609 0.0866132,0.0728371 0.199807,-0.0366402 0.0866132,0.0728371 1.5913,-1.56414
 0.643157,-0.206171 0.429075,-0.684059 0.118948,-0.287695 0.429075,-0.684059 1.4115,-1.21622 -0.143025,0.0638839 0.118948,-0.287695 -0.143025,0.0638839 -0.370583,-3.55024
 0.400578,-0.959336 -0.25984,-1.69573 -0.199807,0.0366402 -0.25984,-1.69573 -0.276579,-2.42609 -0.0866132,-0.0728371 -0.199807,0.0366402 -0.0866132,-0.0728371 1.5913,-1.56414
 0.643157,-0.206171 0.429075,-0.684059 -0.118948,0.287695 0.429075,-0.684059 1.4115,-1.21622 0.143025,-0.0638839 -0.118948,0.287695 0.143025,-0.0638839 -0.370583,-3.55024
mu:
 0.0523866,-0.478091 -0.334563,-1.38166 0.315871,-0.0522295 -0.334563,-1.38166 -0.958057,-1.72431 0.111521,-0.176679 0.315871,-0.0522295 0.111521,-0.176679 2.56173,-1.48543
 0.52797,-0.0524741 0.943152,-0.806888 0.157343,-0.194102 0.943152,-0.806888 2.0907,-1.02961 -0.314384,0.0565516 0.157343,-0.194102 -0.314384,0.0565516 -1.03845,-2.6235
 0.0523866,-0.478091 -0.334563,-1.38166 -0.315871,0.0522295 -0.334563,-1.38166 -0.958057,-1.72431 -0.111521,0.176679 -0.315871,0.0522295 -0.111521,0.176679 2.56173,-1.48543
 0.52797,-0.0524741 0.943152,-0.806888 -0.157343,0.194102 0.943152,-0.806888 2.0907,-1.02961 0.314384,-0.0565516 -0.157343,0.194102 0.314384,-0.0565516 -1.03845,-2.6235
 0.400578,-0.959336 -0.25984,-1.69573 0.199807,-0.0366402 -0.25984,-1.69573 -0.276579,-2.42609 0.0866132,0.0728371 0.199807,-0.0366402 0.0866132,0.0728371 1.5913,-1.56414
 0.643157,-0.206171 0.429075,-0.684059 0.118948,-0.287695 0.429075,-0.684059 1.4115,-1.21622 -0.143025,0.0638839 0.118948,-0.287695 -0.143025,0.0638839 -0.370583,-3.55024
 0.400578,-0.959336 -0.25984,-1.69573 -0.199807,0.0366402 -0.25984,-1.69573 -0.276579,-2.42609 -0.0866132,-0.0728371 -0.199807,0.0366402 -0.0866132,-0.0728371 1.5913,-1.56414
 0.643157,-0.206171 0.429075,-0.684059 -0.118948,0.287695 0.429075,-0.684059 1.4115,-1.21622 0.143025,-0.0638839 -0.118948,0.287695 0.143025,-0.0638839 -0.370583,-3.55024
41 1 1 0
-1 -1
eps:
 1,0
mu:
 1,0
42 0 0 1
1 0
eps:
 0.52797,-0.0524741 -0.943152,0.806888 0.157343,-0.194102 -0.943152,0.806888 2.0907,-1.02961 0.314384,-0.0565516 0.157343,-0.194102 0.314384,-0.0565516 -1.03845,-2.6235
 0.0523866,-0.478091 0.334563,1.38166 0.315871,-0.0522295 0.334563,1.38166 -0.958057,-1.72431 -0.111521,0.176679 0.315871,-0.0522295 -0.111521,0.176679 2.56173,-1.48543
 0.52797,-0.0524741 -0.943152,0.806888 -0.157343,0.194102 -0.943152,0.806888 2.0907,-1.02961 -0.314384,0.0565516 -0.157343,0.194102 -0.314384,0.0565516 -1.03845,-2.6235
 0.0523866,-0.478091 0.334563,1.38166 -0.315871,0.0522295 0.334563,1.38166 -0.958057,-1.72431 0.111521,-0.176679 -0.315871,0.0522295 0.111521,-0.176679 2.56173,-1.48543
 0.643157,-0.206171 -0.429075,0.684059 0.118948,-0.287695 -0.429075,0.684059 1.4115,-1.21622 0.143025,-0.0638839 0.118948,-0.287695 0.143025,-0.0638839 -0.370583,-3.55024
 0.400578,-0.959336 0.25984,1.69573 0.199807,-0.0366402 0.25984,1.69573 -0.276579,-2.42609 -0.0866132,-0.0728371 0.199807,-0.0366402 -0.0866132,-0.0728371 1.5913,-1.56414
 0.643157,-0.206171 -0.429075,0.684059 -0.118948,0.287695 -0.429075,0.684059 1.4115,-1.21622 -0.143025,0.0638839 -0.118948,0.287695 -0.143025,0.0638839 -0.370583,-3.55024
 0.400578,-0.959336 0.25984,1.69573 -0.199807,0.0366402 0.25984,1.69573 -0.276579,-2.42609 0.0866132,0.0728371 -0.199807,0.0366402 0.0866132,0.0728371 1.5913,-1.56414
mu:
 0.52797,-0.0524741 -0.943152,0.806888 0.157343,-0.194102 -0.943152,0.806888 2.0907,-1.02961 0.314384,-0.0565516 0.157343,-0.194102 0.314384,-0.0565516 -1.03845,-2.6235
 0.0523866,-0.478091 0.334563,1.38166 0.315871,-0.0522295 0.334563,1.38166 -0.958057,-1.72431 -0.111521,0.176679 0.315871,-0.0522295 -0.111521,0.176679 2.56173,-1.48543
 0.52797,-0.0524741 -0.943152,0.806888 -0.157343,0.194102 -0.943152,0.806888 2.0907,-1.02961 -0.314384,0.0565516 -0.157343,0.194102 -0.314384,0.0565516 -1.03845,-2.6235
 0.0523866,-0.478091 0.334563,1.38166 -0.315871,0.0522295 0.334563,1.38166 -0.958057,-1.72431 0.111521,-0.176679 -0.315871,0.0522295 0.111521,-0.176679 2.56173,-1.48543
 0.643157,-0.206171 -0.429075,0.684059 0.118948,-0.287695 -0.429075,0.684059 1.4115,-1.21622 0.143025,-0.0638839 0.118948,-0.287695 0.143025,-0.0638839 -0.370583,-3.55024
 0.400578,-0.959336 0.25984,1.69573 0.199807,-0.0366402 0.25984,1.69573 -0.276579,-2.42609 -0.0866132,-0.0728371 0.199807,-0.0366402 -0.0866132,-0.0728371 1.5913,-1.56414
 0.643157,-0.206171 -0.429075,0.684059 -0.118948,0.287695 -0.429075,0.684059 1.4115,-1.21622 -0.143025,0.0638839 -0.118948,0.287695 -0.143025,0.0638839 -0.370583,-3.55024
 0.400578,-0.959336 0.25984,1.69573 -0.199807,0.0366402 0.25984,1.69573 -0.276579,-2.42609 0.0866132,0.0728371 -0.199807,0.0366402 0.0866132,0.0728371 1.5913,-1.56414
43 0 0 1
1 0
eps:
 0.0523974,-0.760611 -0.991985,-1.36177 -0.780137,0.268226 -0.991985,-1.36177 -1.47613,-1.41634 0.133608,-0.12686 -0.780137,0.268226 0.133608,-0.12686 2.19658,-0.330579
 0.371353,-1.03668 0.209549,-1.05397 -0.209549,1.05397 0.209549,-1.05397 0.93015,-2.01159 0.0698497,-0.53489 -0.209549,1.05397 0.0698497,-0.53489 0.93015,-2.01159
 0.736267,-0.874638 0.263733,-1.04831 -0.263733,1.04831 0.263733,-1.04831 0.736267,-2.12171 0.263733,-0.424773 -0.263733,1.04831 0.263733,-0.424773 0.736267,-2.12171
 0.0523974,-0.760611 0.780137,-0.268226 0.991985,1.36177 0.780137,-0.268226 2.19658,-0.330579 0.133608,-0.12686 0.991985,1.36177 0.133608,-0.12686 -1.47613,-1.41634
 0.355835,-1.35105 -0.655666,-1.83472 -0.396406,0.181189 -0.655666,-1.83472 -0.668522,-2.61981 -0.0368708,-0.394285 -0.396406,0.181189 -0.0368708,-0.394285 1.43789,-0.954089
 0.62463,-1.09868 0.125123,-0.908143 -0.125123,0.908143 0.125123,-0.908143 0.958292,-2.10192 0.0417078,-0.444562 -0.125123,0.908143 0.0417078,-0.444562 0.958292,-2.10192
 0.842523,-1.13666 0.157477,-0.928 -0.157477,0.928 0.157477,-0.928 0.842523,-2.1003 0.157477,-0.446178 -0.157477,0.928 0.157477,-0.446178 0.842523,-2.1003
 0.355835,-1.35105 0.396406,-0.181189 0.655666,1.83472 0.396406,-0.181189 1.43789,-0.954089 -0.0368708,-0.394285 0.655666,1.83472 -0.0368708,-0.394285 -0.668522,-2.61981
mu:
 0.0523974,-0.760611 -0.991985,-1.36177 -0.780137,0.268226 -0.991985,-1.36177 -1.47613,-1.41634 0.133608,-0.12686 -0.780137,0.268226 0.133608,-0.12686 2.19658,-0.330579
 0.371353,-1.03668 0.209549,-1.05397 -0.209549,1.05397 0.209549,-1.05397 0.93015,-2.01159 0.0698497,-0.53489 -0.209549,1.05397 0.0698497,-0.53489 0.93015,-2.01159
 0.736267,-0.874638 0.263733,-1.04831 -0.263733,1.04831 0.263733,-1.04831 0.736267,-2.12171 0.263733,-0.424773 -0.263733,1.04831 0.263733,-0.424773 0.736267,-2.12171
 0.0523974,-0.760611 0.780137,-0.268226 0.991985,1.36177 0.780137,-0.268226 2.19658,-0.330579 0.133608,-0.12686 0.991985,1.36177 0.133608,-0.12686 -1.47613,-1.41634
 0.355835,-1.35105 -0.655666,-1.83472 -0.396406,0.181189 -0.655666,-1.83472 -0.668522,-2.61981 -0.0368708,-0.394285 -0.396406,0.181189 -0.0368708,-0.394285 1.43789,-0.954089
 0.62463,-1.09868 0.125123,-0.908143 -0.125123,0.908143 0.125123,-0.908143 0.958292,-2.10192 0.0417078,-0.444562 -0.125123,0.908143 0.0417078,-0.444562 0.958292,-2.10192
 0.842523,-1.13666 0.157477,-0.928 -0.157477,0.928 0.157477,-0.928 0.842523,-2.1003 0.157477,-0.446178 -0.157477,0.928 0.157477,-0.446178 0.842523,-2.1003
 0.355835,-1.35105 0.396406,-0.181189 0.655666,1.83472 0.396406,-0.181189 1.43789,-0.954089 -0.0368708,-0.394285 0.655666,1.83472 -0.0368708,-0.394285 -0.668522,-2.61981
44 0 0 1
1 0
eps:
 0.52797,-0.0524741 0.157343,-0.194102 -0.943152,0.806888 0.157343,-0.194102 -1.03845,-2.6235 0.314384,-0.0565516 -0.943152,0.806888 0.314384,-0.0565516 2.0907,-1.02961
 0.52797,-0.0524741 -0.157343,0.194102 -0.943152,0.806888 -0.157343,0.194102 -1.03845,-2.6235 -0.314384,0.0565516 -0.943152,0.806888 -0.314384,0.0565516 2.0907,-1.02961
 0.0523866,-0.478091 0.315871,-0.0522295 0.334563,1.38166 0.315871,-0.0522295 2.56173,-1.48543 -0.111521,0.176679 0.334563,1.38166 -0.111521,0.176679 -0.958057,-1.72431
 0.0523866,-0.478091 -0.315871,0.0522295 0.334563,1.38166 -0.315871,0.0522295 2.56173,-1.48543 0.111521,-0.176679 0.334563,1.38166 0.111521,-0.176679 -0.958057,-1.72431
 0.643157,-0.206171 0.118948,-0.287695 -0.429075,0.684059 0.118948,-0.287695 -0.370583,-3.55024 0.143025,-0.0638839 -0.429075,0.684059 0.143025,-0.0638839 1.4115,-1.21622
