!Material file
9 1 1 0
-1 -1
eps:
 1,0
mu:
 1,0
2 1 1 0
-1 -1
eps:
 2.25,0
mu:
 1,0
3 1 1 0
-1 -1
eps:
 1,0
mu:
 1,0
4 1 1 0
-1 -1
eps:
 2.25,0
mu:
 1,0
5 1 1 0
-1 -1
eps:
 2.25,0
mu:
 1,0
6 1 1 0
-1 -1
eps:
 2.25,0
mu:
 1,0
7 1 1 0
-1 -1
eps:
 1,0
mu:
 1,0
8 1 1 0
-1 -1
eps:
 2.25,0
mu:
 1,0
9 1 1 0
-1 -1
eps:
 1,0
mu:
 1,0
10 1 1 0
-1 -1
eps:
 2.25,0
mu:
 1,0
11 1 1 0
-1 -1
eps:
 2.25,0
mu:
 1,0
12 1 1 0
-1 -1
eps:
 2.25,0
mu:
 1,0
13 1 1 0
-1 -1
eps:
 2.25,0
mu:
 1,0
14 1 1 0
-1 -1
eps:
 2.25,0
mu:
 1,0
15 1 1 0
-1 -1
eps:
 2.25,0
mu:
 1,0
16 1 1 0
-1 -1
eps:
 2.25,0
mu:
 1,0
17 1 1 0
-1 -1
eps:
 2.25,0
mu:
 1,0
18 1 1 0
-1 -1
eps:
 2.25,0
mu:
 1,0
19 1 1 0
-1 -1
eps:
 1,0
mu:
 1,0
20 1 1 0
-1 -1
eps:
 2.25,0
mu:
 1,0
21 1 1 0
-1 -1
eps:
 1,0
mu:
 1,0
22 1 1 0
-1 -1
eps:
 2.25,0
mu:
 1,0
23 1 1 0
-1 -1
eps:
 2.25,0
mu:
 1,0
24 1 1 0
-1 -1
eps:
 2.25,0
mu:
 1,0
25 1 1 0
-1 -1
eps:
 1,0
mu:
 1,0
26 1 1 0
-1 -1
eps:
 2.25,0
mu:
 1,0
27 1 1 0
-1 -1
eps:
 1,0
mu:
 1,0
28 0 0 1
2 0
eps:
 0.835296,-1.81942 -0.164704,0.826183 -0.164704,0.826183 -0.164704,0.826183 0.835296,-1.62118 -0.164704,0.925303 -0.164704,0.826183 -0.164704,0.925303 0.835296,-1.62118
 0.72662,-1.56221 -0.168608,1.1834 -0.224269,0.617607 -0.168608,1.1834 0.695744,-1.40024 -0.154421,0.750358 -0.224269,0.617607 -0.154421,0.750358 0.98231,-1.98498
 0.679737,-1.42416 -0.339946,1.2907 -0.102889,0.457549 -0.339946,1.2907 0.678934,-1.05838 -0.10945,0.513676 -0.102889,0.457549 -0.10945,0.513676 0.945382,-2.38212
 0.72662,-1.56221 -0.224269,0.617607 -0.168608,1.1834 -0.224269,0.617607 0.98231,-1.98498 -0.154421,0.750358 -0.168608,1.1834 -0.154421,0.750358 0.695744,-1.40024
 0.612361,-0.961008 -0.258426,0.988995 -0.258426,0.988995 -0.258426,0.988995 0.827716,-1.93247 -0.172284,0.614007 -0.258426,0.988995 -0.172284,0.614007 0.827716,-1.93247
 0.438396,-0.655671 -0.469142,1.16589 -0.142262,0.725846 -0.469142,1.16589 0.856639,-1.75109 -0.126421,0.452349 -0.142262,0.725846 -0.126421,0.452349 0.78592,-2.32371
 0.679737,-1.42416 -0.102889,0.457549 -0.339946,1.2907 -0.102889,0.457549 0.945382,-2.38212 -0.10945,0.513676 -0.339946,1.2907 -0.10945,0.513676 0.678934,-1.05838
 0.438396,-0.655671 -0.142262,0.725846 -0.469142,1.16589 -0.142262,0.725846 0.78592,-2.32371 -0.126421,0.452349 -0.469142,1.16589 -0.126421,0.452349 0.856639,-1.75109
 0.0290946,-0.341399 -0.323635,0.90337 -0.323635,0.90337 -0.323635,0.90337 0.892122,-2.18924 -0.107878,0.357238 -0.323635,0.90337 -0.107878,0.357238 0.892122,-2.18924
 0.87482,-1.86575 -0.12518,0.76714 -0.12518,0.76714 -0.12518,0.76714 0.87482,-1.69293 -0.12518,0.853552 -0.12518,0.76714 -0.12518,0.853552 0.87482,-1.69293
 0.797597,-1.62246 -0.139133,1.10287 -0.160187,0.581345 -0.139133,1.10287 0.778952,-1.4828 -0.118007,0.700578 -0.160187,0.581345 -0.118007,0.700578 0.972436,-2.02508
 0.755268,-1.47321 -0.256908,1.2179 -0.0791812,0.43094 -0.256908,1.2179 0.754772,-1.15441 -0.0832399,0.479152 -0.0791812,0.43094 -0.0832399,0.479152 0.961007,-2.39482
 0.797597,-1.62246 -0.160187,0.581345 -0.139133,1.10287 -0.160187,0.581345 0.972436,-2.02508 -0.118007,0.700578 -0.139133,1.10287 -0.118007,0.700578 0.778952,-1.4828
 0.705384,-1.05395 -0.196411,0.935753 -0.196411,0.935753 -0.196411,0.935753 0.86906,-1.96216 -0.13094,0.584323 -0.196411,0.935753 -0.13094,0.584323 0.86906,-1.96216
 0.571259,-0.724108 -0.35223,1.10978 -0.110274,0.702515 -0.35223,1.10978 0.883913,-1.75038 -0.0956503,0.433298 -0.110274,0.702515 -0.0956503,0.433298 0.842195,-2.37255
 0.755268,-1.47321 -0.0791812,0.43094 -0.256908,1.2179 -0.0791812,0.43094 0.961007,-2.39482 -0.0832399,0.479152 -0.256908,1.2179 -0.0832399,0.479152 0.754772,-1.15441
 0.571259,-0.724108 -0.110274,0.702515 -0.35223,1.10978 -0.110274,0.702515 0.842195,-2.37255 -0.0956503,0.433298 -0.35223,1.10978 -0.0956503,0.433298 0.883913,-1.75038
 0.262086,-0.347766 -0.245971,0.879666 -0.245971,0.879666 -0.245971,0.879666 0.91801,-2.20434 -0.0819904,0.342142 -0.245971,0.879666 -0.0819904,0.342142 0.91801,-2.20434
 0.901654,-1.911 -0.0983461,0.712072 -0.0983461,0.712072 -0.0983461,0.712072 0.901654,-1.75781 -0.0983461,0.788665 -0.0983461,0.712072 -0.0983461,0.788665 0.901654,-1.75781
 0.844042,-1.68025 -0.115442,1.02241 -0.120206,0.548104 -0.115442,1.02241 0.832102,-1.55576 -0.0931951,0.652224 -0.120206,0.548104 -0.0931951,0.652224 0.970795,-2.06668
 0.806875,-1.53091 -0.200894,1.14374 -0.0628462,0.403403 -0.200894,1.14374 0.806558,-1.24834 -0.0654359,0.446128 -0.0628462,0.403403 -0.0654359,0.446128 0.971012,-2.40497
 0.844042,-1.68025 -0.120206,0.548104 -0.115442,1.02241 -0.120206,0.548104 0.970795,-2.06668 -0.0931951,0.652224 -0.115442,1.02241 -0.0931951,0.652224 0.832102,-1.55576
 0.768538,-1.14799 -0.154308,0.879795 -0.154308,0.879795 -0.154308,0.879795 0.897128,-1.99497 -0.102872,0.551507 -0.154308,0.879795 -0.102872,0.551507 0.897128,-1.99497
 0.660626,-0.814629 -0.269773,1.05473 -0.0914582,0.665487 -0.269773,1.05473 0.897975,-1.78158 -0.0754801,0.410379 -0.0914582,0.665487 -0.0754801,0.410379 0.889162,-2.39268
 0.806875,-1.53091 -0.0628462,0.403403 -0.200894,1.14374 -0.0628462,0.403403 0.971012,-2.40497 -0.0654359,0.446128 -0.200894,1.14374 -0.0654359,0.446128 0.806558,-1.24834
 0.660626,-0.814629 -0.0914582,0.665487 -0.269773,1.05473 -0.0914582,0.665487 0.889162,-2.39268 -0.0754801,0.410379 -0.269773,1.05473 -0.0754801,0.410379 0.897975,-1.78158
 0.420265,-0.408353 -0.193245,0.842793 -0.193245,0.842793 -0.193245,0.842793 0.935585,-2.22219 -0.064415,0.324292 -0.193245,0.842793 -0.064415,0.324292 0.935585,-2.22219
mu:
 0.835296,-1.81942 -0.164704,0.826183 -0.164704,0.826183 -0.164704,0.826183 0.835296,-1.62118 -0.164704,0.925303 -0.164704,0.826183 -0.164704,0.925303 0.835296,-1.62118
 0.72662,-1.56221 -0.168608,1.1834 -0.224269,0.617607 -0.168608,1.1834 0.695744,-1.40024 -0.154421,0.750358 -0.224269,0.617607 -0.154421,0.750358 0.98231,-1.98498
 0.679737,-1.42416 -0.339946,1.2907 -0.102889,0.457549 -0.339946,1.2907 0.678934,-1.05838 -0.10945,0.513676 -0.102889,0.457549 -0.10945,0.513676 0.945382,-2.38212
 0.72662,-1.56221 -0.224269,0.617607 -0.168608,1.1834 -0.224269,0.617607 0.98231,-1.98498 -0.154421,0.750358 -0.168608,1.1834 -0.154421,0.750358 0.695744,-1.40024
 0.612361,-0.961008 -0.258426,0.988995 -0.258426,0.988995 -0.258426,0.988995 0.827716,-1.93247 -0.172284,0.614007 -0.258426,0.988995 -0.172284,0.614007 0.827716,-1.93247
 0.438396,-0.655671 -0.469142,1.16589 -0.142262,0.725846 -0.469142,1.16589 0.856639,-1.75109 -0.126421,0.452349 -0.142262,0.725846 -0.126421,0.452349 0.78592,-2.32371
 0.679737,-1.42416 -0.102889,0.457549 -0.339946,1.2907 -0.102889,0.457549 0.945382,-2.38212 -0.10945,0.513676 -0.339946,1.2907 -0.10945,0.513676 0.678934,-1.05838
 0.438396,-0.655671 -0.142262,0.725846 -0.469142,1.16589 -0.142262,0.725846 0.78592,-2.32371 -0.126421,0.452349 -0.469142,1.16589 -0.126421,0.452349 0.856639,-1.75109
 0.0290946,-0.341399 -0.323635,0.90337 -0.323635,0.90337 -0.323635,0.90337 0.892122,-2.18924 -0.107878,0.357238 -0.323635,0.90337 -0.107878,0.357238 0.892122,-2.18924
 0.87482,-1.86575 -0.12518,0.76714 -0.12518,0.76714 -0.12518,0.76714 0.87482,-1.69293 -0.12518,0.853552 -0.12518,0.76714 -0.12518,0.853552 0.87482,-1.69293
 0.797597,-1.62246 -0.139133,1.10287 -0.160187,0.581345 -0.139133,1.10287 0.778952,-1.4828 -0.118007,0.700578 -0.160187,0.581345 -0.118007,0.700578 0.972436,-2.02508
 0.755268,-1.47321 -0.256908,1.2179 -0.0791812,0.43094 -0.256908,1.2179 0.754772,-1.15441 -0.0832399,0.479152 -0.0791812,0.43094 -0.0832399,0.479152 0.961007,-2.39482
 0.797597,-1.62246 -0.160187,0.581345 -0.139133,1.10287 -0.160187,0.581345 0.972436,-2.02508 -0.118007,0.700578 -0.139133,1.10287 -0.118007,0.700578 0.778952,-1.4828
 0.705384,-1.05395 -0.196411,0.935753 -0.196411,0.935753 -0.196411,0.935753 0.86906,-1.96216 -0.13094,0.584323 -0.196411,0.935753 -0.13094,0.584323 0.86906,-1.96216
 0.571259,-0.724108 -0.35223,1.10978 -0.110274,0.702515 -0.35223,1.10978 0.883913,-1.75038 -0.0956503,0.433298 -0.110274,0.702515 -0.0956503,0.433298 0.842195,-2.37255
 0.755268,-1.47321 -0.0791812,0.43094 -0.256908,1.2179 -0.0791812,0.43094 0.961007,-2.39482 -0.0832399,0.479152 -0.256908,1.2179 -0.0832399,0.479152 0.754772,-1.15441
 0.571259,-0.724108 -0.110274,0.702515 -0.35223,1.10978 -0.110274,0.702515 0.842195,-2.37255 -0.0956503,0.433298 -0.35223,1.10978 -0.0956503,0.433298 0.883913,-1.75038
 0.262086,-0.347766 -0.245971,0.879666 -0.245971,0.879666 -0.245971,0.879666 0.91801,-2.20434 -0.0819904,0.342142 -0.245971,0.879666 -0.0819904,0.342142 0.91801,-2.20434
 0.901654,-1.911 -0.0983461,0.712072 -0.0983461,0.712072 -0.0983461,0.712072 0.901654,-1.75781 -0.0983461,0.788665 -0.0983461,0.712072 -0.0983461,0.788665 0.901654,-1.75781
 0.844042,-1.68025 -0.115442,1.02241 -0.120206,0.548104 -0.115442,1.02241 0.832102,-1.55576 -0.0931951,0.652224 -0.120206,0.548104 -0.0931951,0.652224 0.970795,-2.06668
 0.806875,-1.53091 -0.200894,1.14374 -0.0628462,0.403403 -0.200894,1.14374 0.806558,-1.24834 -0.0654359,0.446128 -0.0628462,0.403403 -0.0654359,0.446128 0.971012,-2.40497
 0.844042,-1.68025 -0.120206,0.548104 -0.115442,1.02241 -0.120206,0.548104 0.970795,-2.06668 -0.0931951,0.652224 -0.115442,1.02241 -0.0931951,0.652224 0.832102,-1.55576
 0.768538,-1.14799 -0.154308,0.879795 -0.154308,0.879795 -0.154308,0.879795 0.897128,-1.99497 -0.102872,0.551507 -0.154308,0.879795 -0.102872,0.551507 0.897128,-1.99497
 0.660626,-0.814629 -0.269773,1.05473 -0.0914582,0.665487 -0.269773,1.05473 0.897975,-1.78158 -0.0754801,0.410379 -0.0914582,0.665487 -0.0754801,0.410379 0.889162,-2.39268
 0.806875,-1.53091 -0.0628462,0.403403 -0.200894,1.14374 -0.0628462,0.403403 0.971012,-2.40497 -0.0654359,0.446128 -0.200894,1.14374 -0.0654359,0.446128 0.806558,-1.24834
 0.660626,-0.814629 -0.0914582,0.665487 -0.269773,1.05473 -0.0914582,0.665487 0.889162,-2.39268 -0.0754801,0.410379 -0.269773,1.05473 -0.0754801,0.410379 0.897975,-1.78158
 0.420265,-0.408353 -0.193245,0.842793 -0.193245,0.842793 -0.193245,0.842793 0.935585,-2.22219 -0.064415,0.324292 -0.193245,0.842793 -0.064415,0.324292 0.935585,-2.22219
29 0 0 1
2 0
eps:
 0.750364,-1.32306 -0.437575,1.25342 -0.0487902,0.452164 -0.437575,1.25342 0.742703,-0.985948 -0.111436,0.462167 -0.0487902,0.452164 -0.111436,0.462167 0.774376,-2.52013
 0.536906,-1.41881 -0.252056,1.4553 -0,-0 -0.252056,1.4553 0.56915,-1.02746 0,-0 -0,-0 0,-0 1.17942,-2.40218
 0.750364,-1.32306 -0.437575,1.25342 0.0487902,-0.452164 -0.437575,1.25342 0.742703,-0.985948 0.111436,-0.462167 0.0487902,-0.452164 0.111436,-0.462167 0.774376,-2.52013
 0.482647,-0.541903 -0.66985,1.13492 -0.0407102,0.662262 -0.66985,1.13492 1.13446,-1.6456 -0.135456,0.374353 -0.0407102,0.662262 -0.135456,0.374353 0.404778,-2.40768
 0.290698,-0.465609 -0.331693,1.33137 0,0 -0.331693,1.33137 0.550446,-1.77325 0,0 0,0 0,0 1.21984,-2.47398
 0.482647,-0.541903 -0.66985,1.13492 0.0407102,-0.662262 -0.66985,1.13492 1.13446,-1.6456 0.135456,-0.374353 0.0407102,-0.662262 0.135456,-0.374353 0.404778,-2.40768
 -0.0217931,-0.231646 -0.565152,0.941556 -0.175626,0.730471 -0.565152,0.941556 1.44049,-2.19498 -0.133393,0.300139 -0.175626,0.730471 -0.133393,0.300139 0.378132,-2.17838
 -0.155801,-0.00538454 -0.227478,0.997023 -0,-0 -0.227478,0.997023 0.529265,-2.10296 0,-0 -0,-0 0,-0 1.43407,-2.54516
 -0.0217931,-0.231646 -0.565152,0.941556 0.175626,-0.730471 -0.565152,0.941556 1.44049,-2.19498 0.133393,-0.300139 0.175626,-0.730471 0.133393,-0.300139 0.378132,-2.17838
 0.797384,-1.37336 -0.318882,1.17868 -0.0457197,0.434745 -0.318882,1.17868 0.792645,-1.0803 -0.084475,0.436598 -0.0457197,0.434745 -0.084475,0.436598 0.852053,-2.5406
 0.663203,-1.47915 -0.204419,1.38077 0,-0 -0.204419,1.38077 0.683429,-1.13373 -0,-0 0,-0 -0,-0 1.11016,-2.4036
 0.797384,-1.37336 -0.318882,1.17868 0.0457197,-0.434745 -0.318882,1.17868 0.792645,-1.0803 0.084475,-0.436598 0.0457197,-0.434745 0.084475,-0.436598 0.852053,-2.5406
 0.597882,-0.598727 -0.495835,1.04527 -0.0287422,0.684271 -0.495835,1.04527 1.07669,-1.58512 -0.0950802,0.371771 -0.0287422,0.684271 -0.0950802,0.371771 0.52552,-2.56729
 0.461899,-0.565042 -0.253693,1.31096 0,0 -0.253693,1.31096 0.660911,-1.83484 0,0 0,0 0,0 1.15559,-2.42936
 0.597882,-0.598727 -0.495835,1.04527 0.0287422,-0.684271 -0.495835,1.04527 1.07669,-1.58512 0.0950802,-0.371771 0.0287422,-0.684271 0.0950802,-0.371771 0.52552,-2.56729
 0.220958,-0.219973 -0.460681,0.849327 -0.0888273,0.79195 -0.460681,0.849327 1.40935,-2.02238 -0.0966093,0.288592 -0.0888273,0.79195 -0.0966093,0.288592 0.386981,-2.3525
 0.109733,-0.0364502 -0.143288,1.01965 -0,-0 -0.143288,1.01965 0.568143,-2.24034 0,-0 -0,-0 0,-0 1.37982,-2.40292
 0.220958,-0.219973 -0.460681,0.849327 0.0888273,-0.79195 -0.460681,0.849327 1.40935,-2.02238 0.0966093,-0.288592 0.0888273,-0.79195 0.0966093,-0.288592 0.386981,-2.3525
 0.832556,-1.44031 -0.241627,1.11084 -0.0418654,0.408062 -0.241627,1.11084 0.829532,-1.18057 -0.0665931,0.409619 -0.0418654,0.408062 -0.0665931,0.409619 0.901202,-2.53735
 0.74594,-1.53369 -0.16953,1.29293 0,0 -0.16953,1.29293 0.758855,-1.22716 -0,-0 0,0 -0,-0 1.0703,-2.42067
 0.832556,-1.44031 -0.241627,1.11084 0.0418654,-0.408062 -0.241627,1.11084 0.829532,-1.18057 0.0665931,-0.409619 0.0418654,-0.408062 0.0665931,-0.409619 0.901202,-2.53735
 0.674066,-0.693321 -0.366572,0.988177 -0.0357244,0.666801 -0.366572,0.988177 1.02255,-1.61246 -0.0735772,0.362114 -0.0357244,0.666801 -0.0735772,0.362114 0.66614,-2.62448
 0.582555,-0.670154 -0.207901,1.25613 0,0 -0.207901,1.25613 0.747497,-1.87578 0,0 0,0 0,0 1.10231,-2.42619
 0.674066,-0.693321 -0.366572,0.988177 0.0357244,-0.666801 -0.366572,0.988177 1.02255,-1.61246 0.0735772,-0.362114 0.0357244,-0.666801 0.0735772,-0.362114 0.66614,-2.62448
 0.382708,-0.278163 -0.354602,0.776468 -0.0627315,0.818551 -0.354602,0.776468 1.29863,-1.94782 -0.0705231,0.279638 -0.0627315,0.818551 -0.0705231,0.279638 0.490679,-2.49913
 0.300381,-0.121204 -0.112098,1.01028 -0,0 -0.112098,1.01028 0.659527,-2.33892 0,0 -0,0 0,0 1.27704,-2.3379
 0.382708,-0.278163 -0.354602,0.776468 0.0627315,-0.818551 -0.354602,0.776468 1.29863,-1.94782 0.0705231,-0.279638 0.0627315,-0.818551 0.0705231,-0.279638 0.490679,-2.49913
mu:
 0.750364,-1.32306 -0.437575,1.25342 -0.0487902,0.452164 -0.437575,1.25342 0.742703,-0.985948 -0.111436,0.462167 -0.0487902,0.452164 -0.111436,0.462167 0.774376,-2.52013
 0.536906,-1.41881 -0.252056,1.4553 -0,-0 -0.252056,1.4553 0.56915,-1.02746 0,-0 -0,-0 0,-0 1.17942,-2.40218
 0.750364,-1.32306 -0.437575,1.25342 0.0487902,-0.452164 -0.437575,1.25342 0.742703,-0.985948 0.111436,-0.462167 0.0487902,-0.452164 0.111436,-0.462167 0.774376,-2.52013
 0.482647,-0.541903 -0.66985,1.13492 -0.0407102,0.662262 -0.66985,1.13492 1.13446,-1.6456 -0.135456,0.374353 -0.0407102,0.662262 -0.135456,0.374353 0.404778,-2.40768
 0.290698,-0.465609 -0.331693,1.33137 0,0 -0.331693,1.33137 0.550446,-1.77325 0,0 0,0 0,0 1.21984,-2.47398
 0.482647,-0.541903 -0.66985,1.13492 0.0407102,-0.662262 -0.66985,1.13492 1.13446,-1.6456 0.135456,-0.374353 0.0407102,-0.662262 0.135456,-0.374353 0.404778,-2.40768
 -0.0217931,-0.231646 -0.565152,0.941556 -0.175626,0.730471 -0.565152,0.941556 1.44049,-2.19498 -0.133393,0.300139 -0.175626,0.730471 -0.133393,0.300139 0.378132,-2.17838
 -0.155801,-0.00538454 -0.227478,0.997023 -0,-0 -0.227478,0.997023 0.529265,-2.10296 0,-0 -0,-0 0,-0 1.43407,-2.54516
 -0.0217931,-0.231646 -0.565152,0.941556 0.175626,-0.730471 -0.565152,0.941556 1.44049,-2.19498 0.133393,-0.300139 0.175626,-0.730471 0.133393,-0.300139 0.378132,-2.17838
 0.797384,-1.37336 -0.318882,1.17868 -0.0457197,0.434745 -0.318882,1.17868 0.792645,-1.0803 -0.084475,0.436598 -0.0457197,0.434745 -0.084475,0.436598 0.852053,-2.5406
 0.663203,-1.47915 -0.204419,1.38077 0,-0 -0.204419,1.38077 0.683429,-1.13373 -0,-0 0,-0 -0,-0 1.11016,-2.4036
 0.797384,-1.37336 -0.318882,1.17868 0.0457197,-0.434745 -0.318882,1.17868 0.792645,-1.0803 0.084475,-0.436598 0.0457197,-0.434745 0.084475,-0.436598 0.852053,-2.5406
 0.597882,-0.598727 -0.495835,1.04527 -0.0287422,0.684271 -0.495835,1.04527 1.07669,-1.58512 -0.0950802,0.371771 -0.0287422,0.684271 -0.0950802,0.371771 0.52552,-2.56729
 0.461899,-0.565042 -0.253693,1.31096 0,0 -0.253693,1.31096 0.660911,-1.83484 0,0 0,0 0,0 1.15559,-2.42936
 0.597882,-0.598727 -0.495835,1.04527 0.0287422,-0.684271 -0.495835,1.04527 1.07669,-1.58512 0.0950802,-0.371771 0.0287422,-0.684271 0.0950802,-0.371771 0.52552,-2.56729
 0.220958,-0.219973 -0.460681,0.849327 -0.0888273,0.79195 -0.460681,0.849327 1.40935,-2.02238 -0.0966093,0.288592 -0.0888273,0.79195 -0.0966093,0.288592 0.386981,-2.3525
 0.109733,-0.0364502 -0.143288,1.01965 -0,-0 -0.143288,1.01965 0.568143,-2.24034 0,-0 -0,-0 0,-0 1.37982,-2.40292
 0.220958,-0.219973 -0.460681,0.849327 0.0888273,-0.79195 -0.460681,0.849327 1.40935,-2.02238 0.0966093,-0.288592 0.0888273,-0.79195 0.0966093,-0.288592 0.386981,-2.3525
 0.832556,-1.44031 -0.241627,1.11084 -0.0418654,0.408062 -0.241627,1.11084 0.829532,-1.18057 -0.0665931,0.409619 -0.0418654,0.408062 -0.0665931,0.409619 0.901202,-2.53735
 0.74594,-1.53369 -0.16953,1.29293 0,0 -0.16953,1.29293 0.758855,-1.22716 -0,-0 0,0 -0,-0 1.0703,-2.42067
 0.832556,-1.44031 -0.241627,1.11084 0.0418654,-0.408062 -0.241627,1.11084 0.829532,-1.18057 0.0665931,-0.409619 0.0418654,-0.408062 0.0665931,-0.409619 0.901202,-2.53735
 0.674066,-0.693321 -0.366572,0.988177 -0.0357244,0.666801 -0.366572,0.988177 1.02255,-1.61246 -0.0735772,0.362114 -0.0357244,0.666801 -0.0735772,0.362114 0.66614,-2.62448
 0.582555,-0.670154 -0.207901,1.25613 0,0 -0.207901,1.25613 0.747497,-1.87578 0,0 0,0 0,0 1.10231,-2.42619
 0.674066,-0.693321 -0.366572,0.988177 0.0357244,-0.666801 -0.366572,0.988177 1.02255,-1.61246 0.0735772,-0.362114 0.0357244,-0.666801 0.0735772,-0.362114 0.66614,-2.62448
 0.382708,-0.278163 -0.354602,0.776468 -0.0627315,0.818551 -0.354602,0.776468 1.29863,-1.94782 -0.0705231,0.279638 -0.0627315,0.818551 -0.0705231,0.279638 0.490679,-2.49913
 0.300381,-0.121204 -0.112098,1.01028 -0,0 -0.112098,1.01028 0.659527,-2.33892 0,0 -0,0 0,0 1.27704,-2.3379
 0.382708,-0.278163 -0.354602,0.776468 0.0627315,-0.818551 -0.354602,0.776468 1.29863,-1.94782 0.0705231,-0.279638 0.0627315,-0.818551 0.0705231,-0.279638 0.490679,-2.49913
30 0 0 1
2 0
eps:
 0.679737,-1.42416 -0.339946,1.2907 0.102889,-0.457549 -0.339946,1.2907 0.678934,-1.05838 0.10945,-0.513676 0.102889,-0.457549 0.10945,-0.513676 0.945382,-2.38212
 0.72662,-1.56221 -0.168608,1.1834 0.224269,-0.617607 -0.168608,1.1834 0.695744,-1.40024 0.154421,-0.750358 0.224269,-0.617607 0.154421,-0.750358 0.98231,-1.98498
 0.835296,-1.81942 -0.164704,0.826183 0.164704,-0.826183 -0.164704,0.826183 0.835296,-1.62118 0.164704,-0.925303 0.164704,-0.826183 0.164704,-0.925303 0.835296,-1.62118
 0.438396,-0.655671 -0.469142,1.16589 0.142262,-0.725846 -0.469142,1.16589 0.856639,-1.75109 0.126421,-0.452349 0.142262,-0.725846 0.126421,-0.452349 0.78592,-2.32371
 0.612361,-0.961008 -0.258426,0.988995 0.258426,-0.988995 -0.258426,0.988995 0.827716,-1.93247 0.172284,-0.614007 0.258426,-0.988995 0.172284,-0.614007 0.827716,-1.93247
 0.72662,-1.56221 -0.224269,0.617607 0.168608,-1.1834 -0.224269,0.617607 0.98231,-1.98498 0.154421,-0.750358 0.168608,-1.1834 0.154421,-0.750358 0.695744,-1.40024
 0.0290946,-0.341399 -0.323635,0.90337 0.323635,-0.90337 -0.323635,0.90337 0.892122,-2.18924 0.107878,-0.357238 0.323635,-0.90337 0.107878,-0.357238 0.892122,-2.18924
 0.438396,-0.655671 -0.142262,0.725846 0.469142,-1.16589 -0.142262,0.725846 0.78592,-2.32371 0.126421,-0.452349 0.469142,-1.16589 0.126421,-0.452349 0.856639,-1.75109
 0.679737,-1.42416 -0.102889,0.457549 0.339946,-1.2907 -0.102889,0.457549 0.945382,-2.38212 0.10945,-0.513676 0.339946,-1.2907 0.10945,-0.513676 0.678934,-1.05838
 0.755268,-1.47321 -0.256908,1.2179 0.0791812,-0.43094 -0.256908,1.2179 0.754772,-1.15441 0.0832399,-0.479152 0.0791812,-0.43094 0.0832399,-0.479152 0.961007,-2.39482
 0.797597,-1.62246 -0.139133,1.10287 0.160187,-0.581345 -0.139133,1.10287 0.778952,-1.4828 0.118007,-0.700578 0.160187,-0.581345 0.118007,-0.700578 0.972436,-2.02508
 0.87482,-1.86575 -0.12518,0.76714 0.12518,-0.76714 -0.12518,0.76714 0.87482,-1.69293 0.12518,-0.853552 0.12518,-0.76714 0.12518,-0.853552 0.87482,-1.69293
 0.571259,-0.724108 -0.35223,1.10978 0.110274,-0.702515 -0.35223,1.10978 0.883913,-1.75038 0.0956503,-0.433298 0.110274,-0.702515 0.0956503,-0.433298 0.842195,-2.37255
 0.705384,-1.05395 -0.196411,0.935753 0.196411,-0.935753 -0.196411,0.935753 0.86906,-1.96216 0.13094,-0.584323 0.196411,-0.935753 0.13094,-0.584323 0.86906,-1.96216
 0.797597,-1.62246 -0.160187,0.581345 0.139133,-1.10287 -0.160187,0.581345 0.972436,-2.02508 0.118007,-0.700578 0.139133,-1.10287 0.118007,-0.700578 0.778952,-1.4828
 0.262086,-0.347766 -0.245971,0.879666 0.245971,-0.879666 -0.245971,0.879666 0.91801,-2.20434 0.0819904,-0.342142 0.245971,-0.879666 0.0819904,-0.342142 0.91801,-2.20434
 0.571259,-0.724108 -0.110274,0.702515 0.35223,-1.10978 -0.110274,0.702515 0.842195,-2.37255 0.0956503,-0.433298 0.35223,-1.10978 0.0956503,-0.433298 0.883913,-1.75038
 0.755268,-1.47321 -0.0791812,0.43094 0.256908,-1.2179 -0.0791812,0.43094 0.961007,-2.39482 0.0832399,-0.479152 0.256908,-1.2179 0.0832399,-0.479152 0.754772,-1.15441
 0.806875,-1.53091 -0.200894,1.14374 0.0628462,-0.403403 -0.200894,1.14374 0.806558,-1.24834 0.0654359,-0.446128 0.0628462,-0.403403 0.0654359,-0.446128 0.971012,-2.40497
 0.844042,-1.68025 -0.115442,1.02241 0.120206,-0.548104 -0.115442,1.02241 0.832102,-1.55576 0.0931951,-0.652224 0.120206,-0.548104 0.0931951,-0.652224 0.970795,-2.06668
 0.901654,-1.911 -0.0983461,0.712072 0.0983461,-0.712072 -0.0983461,0.712072 0.901654,-1.75781 0.0983461,-0.788665 0.0983461,-0.712072 0.0983461,-0.788665 0.901654,-1.75781
 0.660626,-0.814629 -0.269773,1.05473 0.0914582,-0.665487 -0.269773,1.05473 0.897975,-1.78158 0.0754801,-0.410379 0.0914582,-0.665487 0.0754801,-0.410379 0.889162,-2.39268
 0.768538,-1.14799 -0.154308,0.879795 0.154308,-0.879795 -0.154308,0.879795 0.897128,-1.99497 0.102872,-0.551507 0.154308,-0.879795 0.102872,-0.551507 0.897128,-1.99497
 0.844042,-1.68025 -0.120206,0.548104 0.115442,-1.02241 -0.120206,0.548104 0.970795,-2.06668 0.0931951,-0.652224 0.115442,-1.02241 0.0931951,-0.652224 0.832102,-1.55576
 0.420265,-0.408353 -0.193245,0.842793 0.193245,-0.842793 -0.193245,0.842793 0.935585,-2.22219 0.064415,-0.324292 0.193245,-0.842793 0.064415,-0.324292 0.935585,-2.22219
 0.660626,-0.814629 -0.0914582,0.665487 0.269773,-1.05473 -0.0914582,0.665487 0.889162,-2.39268 0.0754801,-0.410379 0.269773,-1.05473 0.0754801,-0.410379 0.897975,-1.78158
 0.806875,-1.53091 -0.0628462,0.403403 0.200894,-1.14374 -0.0628462,0.403403 0.971012,-2.40497 0.0654359,-0.446128 0.200894,-1.14374 0.0654359,-0.446128 0.806558,-1.24834
mu:
 0.679737,-1.42416 -0.339946,1.2907 0.102889,-0.457549 -0.339946,1.2907 0.678934,-1.05838 0.10945,-0.513676 0.102889,-0.457549 0.10945,-0.513676 0.945382,-2.38212
 0.72662,-1.56221 -0.168608,1.1834 0.224269,-0.617607 -0.168608,1.1834 0.695744,-1.40024 0.154421,-0.750358 0.224269,-0.617607 0.154421,-0.750358 0.98231,-1.98498
 0.835296,-1.81942 -0.164704,0.826183 0.164704,-0.826183 -0.164704,0.826183 0.835296,-1.62118 0.164704,-0.925303 0.164704,-0.826183 0.164704,-0.925303 0.835296,-1.62118
 0.438396,-0.655671 -0.469142,1.16589 0.142262,-0.725846 -0.469142,1.16589 0.856639,-1.75109 0.126421,-0.452349 0.142262,-0.725846 0.126421,-0.452349 0.78592,-2.32371
 0.612361,-0.961008 -0.258426,0.988995 0.258426,-0.988995 -0.258426,0.988995 0.827716,-1.93247 0.172284,-0.614007 0.258426,-0.988995 0.172284,-0.614007 0.827716,-1.93247
 0.72662,-1.56221 -0.224269,0.617607 0.168608,-1.1834 -0.224269,0.617607 0.98231,-1.98498 0.154421,-0.750358 0.168608,-1.1834 0.154421,-0.750358 0.695744,-1.40024
 0.0290946,-0.341399 -0.323635,0.90337 0.323635,-0.90337 -0.323635,0.90337 0.892122,-2.18924 0.107878,-0.357238 0.323635,-0.90337 0.107878,-0.357238 0.892122,-2.18924
 0.438396,-0.655671 -0.142262,0.725846 0.469142,-1.16589 -0.142262,0.725846 0.78592,-2.32371 0.126421,-0.452349 0.469142,-1.16589 0.126421,-0.452349 0.856639,-1.75109
 0.679737,-1.42416 -0.102889,0.457549 0.339946,-1.2907 -0.102889,0.457549 0.945382,-2.38212 0.10945,-0.513676 0.339946,-1.2907 0.10945,-0.513676 0.678934,-1.05838
 0.755268,-1.47321 -0.256908,1.2179 0.0791812,-0.43094 -0.256908,1.2179 0.754772,-1.15441 0.0832399,-0.479152 0.0791812,-0.43094 0.0832399,-0.479152 0.961007,-2.39482
 0.797597,-1.62246 -0.139133,1.10287 0.160187,-0.581345 -0.139133,1.10287 0.778952,-1.4828 0.118007,-0.700578 0.160187,-0.581345 0.118007,-0.700578 0.972436,-2.02508
 0.87482,-1.86575 -0.12518,0.76714 0.12518,-0.76714 -0.12518,0.76714 0.87482,-1.69293 0.12518,-0.853552 0.12518,-0.76714 0.12518,-0.853552 0.87482,-1.69293
 0.571259,-0.724108 -0.35223,1.10978 0.110274,-0.702515 -0.35223,1.10978 0.883913,-1.75038 0.0956503,-0.433298 0.110274,-0.702515 0.0956503,-0.433298 0.842195,-2.37255
 0.705384,-1.05395 -0.196411,0.935753 0.196411,-0.935753 -0.196411,0.935753 0.86906,-1.96216 0.13094,-0.584323 0.196411,-0.935753 0.13094,-0.584323 0.86906,-1.96216
 0.797597,-1.62246 -0.160187,0.581345 0.139133,-1.10287 -0.160187,0.581345 0.972436,-2.02508 0.118007,-0.700578 0.139133,-1.10287 0.118007,-0.700578 0.778952,-1.4828
 0.262086,-0.347766 -0.245971,0.879666 0.245971,-0.879666 -0.245971,0.879666 0.91801,-2.20434 0.0819904,-0.342142 0.245971,-0.879666 0.0819904,-0.342142 0.91801,-2.20434
 0.571259,-0.724108 -0.110274,0.702515 0.35223,-1.10978 -0.110274,0.702515 0.842195,-2.37255 0.0956503,-0.433298 0.35223,-1.10978 0.0956503,-0.433298 0.883913,-1.75038
 0.755268,-1.47321 -0.0791812,0.43094 0.256908,-1.2179 -0.0791812,0.43094 0.961007,-2.39482 0.0832399,-0.479152 0.256908,-1.2179 0.0832399,-0.479152 0.754772,-1.15441
 0.806875,-1.53091 -0.200894,1.14374 0.0628462,-0.403403 -0.200894,1.14374 0.806558,-1.24834 0.0654359,-0.446128 0.0628462,-0.403403 0.0654359,-0.446128 0.971012,-2.40497
 0.844042,-1.68025 -0.115442,1.02241 0.120206,-0.548104 -0.115442,1.02241 0.832102,-1.55576 0.0931951,-0.652224 0.120206,-0.548104 0.0931951,-0.652224 0.970795,-2.06668
 0.901654,-1.911 -0.0983461,0.712072 0.0983461,-0.712072 -0.0983461,0.712072 0.901654,-1.75781 0.0983461,-0.788665 0.0983461,-0.712072 0.0983461,-0.788665 0.901654,-1.75781
 0.660626,-0.814629 -0.269773,1.05473 0.0914582,-0.665487 -0.269773,1.05473 0.897975,-1.78158 0.0754801,-0.410379 0.0914582,-0.665487 0.0754801,-0.410379 0.889162,-2.39268
 0.768538,-1.14799 -0.154308,0.879795 0.154308,-0.879795 -0.154308,0.879795 0.897128,-1.99497 0.102872,-0.551507 0.154308,-0.879795 0.102872,-0.551507 0.897128,-1.99497
 0.844042,-1.68025 -0.120206,0.548104 0.115442,-1.02241 -0.120206,0.548104 0.970795,-2.06668 0.0931951,-0.652224 0.115442,-1.02241 0.0931951,-0.652224 0.832102,-1.55576
 0.420265,-0.408353 -0.193245,0.842793 0.193245,-0.842793 -0.193245,0.842793 0.935585,-2.22219 0.064415,-0.324292 0.193245,-0.842793 0.064415,-0.324292 0.935585,-2.22219
 0.660626,-0.814629 -0.0914582,0.665487 0.269773,-1.05473 -0.0914582,0.665487 0.889162,-2.39268 0.0754801,-0.410379 0.269773,-1.05473 0.0754801,-0.410379 0.897975,-1.78158
 0.806875,-1.53091 -0.0628462,0.403403 0.200894,-1.14374 -0.0628462,0.403403 0.971012,-2.40497 0.0654359,-0.446128 0.200894,-1.14374 0.0654359,-0.446128 0.806558,-1.24834
31 0 0 1
2 0
eps:
 0.750364,-1.32306 -0.0487902,0.452164 -0.437575,1.25342 -0.0487902,0.452164 0.774376,-2.52013 -0.111436,0.462167 -0.437575,1.25342 -0.111436,0.462167 0.742703,-0.985948
 0.482647,-0.541903 -0.0407102,0.662262 -0.66985,1.13492 -0.0407102,0.662262 0.404778,-2.40768 -0.135456,0.374353 -0.66985,1.13492 -0.135456,0.374353 1.13446,-1.6456
 -0.0217931,-0.231646 -0.175626,0.730471 -0.565152,0.941556 -0.175626,0.730471 0.378132,-2.17838 -0.133393,0.300139 -0.565152,0.941556 -0.133393,0.300139 1.44049,-2.19498
 0.536906,-1.41881 0,0 -0.252056,1.4553 0,0 1.17942,-2.40218 0,0 -0.252056,1.4553 0,0 0.56915,-1.02746
 0.290698,-0.465609 0,0 -0.331693,1.33137 0,0 1.21984,-2.47398 0,0 -0.331693,1.33137 0,0 0.550446,-1.77325
 -0.155801,-0.00538454 -0,-0 -0.227478,0.997023 -0,-0 1.43407,-2.54516 0,-0 -0.227478,0.997023 0,-0 0.529265,-2.10296
 0.750364,-1.32306 0.0487902,-0.452164 -0.437575,1.25342 0.0487902,-0.452164 0.774376,-2.52013 0.111436,-0.462167 -0.437575,1.25342 0.111436,-0.462167 0.742703,-0.985948
 0.482647,-0.541903 0.0407102,-0.662262 -0.66985,1.13492 0.0407102,-0.662262 0.404778,-2.40768 0.135456,-0.374353 -0.66985,1.13492 0.135456,-0.374353 1.13446,-1.6456
 -0.0217931,-0.231646 0.175626,-0.730471 -0.565152,0.941556 0.175626,-0.730471 0.378132,-2.17838 0.133393,-0.300139 -0.565152,0.941556 0.133393,-0.300139 1.44049,-2.19498
 0.797384,-1.37336 -0.0457197,0.434745 -0.318882,1.17868 -0.0457197,0.434745 0.852053,-2.5406 -0.084475,0.436598 -0.318882,1.17868 -0.084475,0.436598 0.792645,-1.0803
 0.597882,-0.598727 -0.0287422,0.684271 -0.495835,1.04527 -0.0287422,0.684271 0.52552,-2.56729 -0.0950802,0.371771 -0.495835,1.04527 -0.0950802,0.371771 1.07669,-1.58512
 0.220958,-0.219973 -0.0888273,0.79195 -0.460681,0.849327 -0.0888273,0.79195 0.386981,-2.3525 -0.0966093,0.288592 -0.460681,0.849327 -0.0966093,0.288592 1.40935,-2.02238
 0.663203,-1.47915 0,0 -0.204419,1.38077 0,0 1.11016,-2.4036 0,0 -0.204419,1.38077 0,0 0.683429,-1.13373
 0.461899,-0.565042 0,0 -0.253693,1.31096 0,0 1.15559,-2.42936 0,0 -0.253693,1.31096 0,0 0.660911,-1.83484
 0.109733,-0.0364502 0,0 -0.143288,1.01965 0,0 1.37982,-2.40292 0,0 -0.143288,1.01965 0,0 0.568143,-2.24034
 0.797384,-1.37336 0.0457197,-0.434745 -0.318882,1.17868 0.0457197,-0.434745 0.852053,-2.5406 0.084475,-0.436598 -0.318882,1.17868 0.084475,-0.436598 0.792645,-1.0803
 0.597882,-0.598727 0.0287422,-0.684271 -0.495835,1.04527 0.0287422,-0.684271 0.52552,-2.56729 0.0950802,-0.371771 -0.495835,1.04527 0.0950802,-0.371771 1.07669,-1.58512
 0.220958,-0.219973 0.0888273,-0.79195 -0.460681,0.849327 0.0888273,-0.79195 0.386981,-2.3525 0.0966093,-0.288592 -0.460681,0.849327 0.0966093,-0.288592 1.40935,-2.02238
 0.832556,-1.44031 -0.0418654,0.408062 -0.241627,1.11084 -0.0418654,0.408062 0.901202,-2.53735 -0.0665931,0.409619 -0.241627,1.11084 -0.0665931,0.409619 0.829532,-1.18057
 0.674066,-0.693321 -0.0357244,0.666801 -0.366572,0.988177 -0.0357244,0.666801 0.66614,-2.62448 -0.0735772,0.362114 -0.366572,0.988177 -0.0735772,0.362114 1.02255,-1.61246
 0.382708,-0.278163 -0.0627315,0.818551 -0.354602,0.776468 -0.0627315,0.818551 0.490679,-2.49913 -0.0705231,0.279638 -0.354602,0.776468 -0.0705231,0.279638 1.29863,-1.94782
 0.74594,-1.53369 -0,0 -0.16953,1.29293 -0,0 1.0703,-2.42067 -0,0 -0.16953,1.29293 -0,0 0.758855,-1.22716
 0.582555,-0.670154 0,0 -0.207901,1.25613 0,0 1.10231,-2.42619 0,0 -0.207901,1.25613 0,0 0.747497,-1.87578
 0.300381,-0.121204 0,0 -0.112098,1.01028 0,0 1.27704,-2.3379 -0,-0 -0.112098,1.01028 -0,-0 0.659527,-2.33892
 0.832556,-1.44031 0.0418654,-0.408062 -0.241627,1.11084 0.0418654,-0.408062 0.901202,-2.53735 0.0665931,-0.409619 -0.241627,1.11084 0.0665931,-0.409619 0.829532,-1.18057
 0.674066,-0.693321 0.0357244,-0.666801 -0.366572,0.988177 0.0357244,-0.666801 0.66614,-2.62448 0.0735772,-0.362114 -0.366572,0.988177 0.0735772,-0.362114 1.02255,-1.61246
 0.382708,-0.278163 0.0627315,-0.818551 -0.354602,0.776468 0.0627315,-0.818551 0.490679,-2.49913 0.0705231,-0.279638 -0.354602,0.776468 0.0705231,-0.279638 1.29863,-1.94782
mu:
 0.750364,-1.32306 -0.0487902,0.452164 -0.437575,1.25342 -0.0487902,0.452164 0.774376,-2.52013 -0.111436,0.462167 -0.437575,1.25342 -0.111436,0.462167 0.742703,-0.985948
 0.482647,-0.541903 -0.0407102,0.662262 -0.66985,1.13492 -0.0407102,0.662262 0.404778,-2.40768 -0.135456,0.374353 -0.66985,1.13492 -0.135456,0.374353 1.13446,-1.6456
 -0.0217931,-0.231646 -0.175626,0.730471 -0.565152,0.941556 -0.175626,0.730471 0.378132,-2.17838 -0.133393,0.300139 -0.565152,0.941556 -0.133393,0.300139 1.44049,-2.19498
 0.536906,-1.41881 0,0 -0.252056,1.4553 0,0 1.17942,-2.40218 0,0 -0.252056,1.4553 0,0 0.56915,-1.02746
 0.290698,-0.465609 0,0 -0.331693,1.33137 0,0 1.21984,-2.47398 0,0 -0.331693,1.33137 0,0 0.550446,-1.77325
 -0.155801,-0.00538454 -0,-0 -0.227478,0.997023 -0,-0 1.43407,-2.54516 0,-0 -0.227478,0.997023 0,-0 0.529265,-2.10296
 0.750364,-1.32306 0.0487902,-0.452164 -0.437575,1.25342 0.0487902,-0.452164 0.774376,-2.52013 0.111436,-0.462167 -0.437575,1.25342 0.111436,-0.462167 0.742703,-0.985948
 0.482647,-0.541903 0.0407102,-0.662262 -0.66985,1.13492 0.0407102,-0.662262 0.404778,-2.40768 0.135456,-0.374353 -0.66985,1.13492 0.135456,-0.374353 1.13446,-1.6456
 -0.0217931,-0.231646 0.175626,-0.730471 -0.565152,0.941556 0.175626,-0.730471 0.378132,-2.17838 0.133393,-0.300139 -0.565152,0.941556 0.133393,-0.300139 1.44049,-2.19498
 0.797384,-1.37336 -0.0457197,0.434745 -0.318882,1.17868 -0.0457197,0.434745 0.852053,-2.5406 -0.084475,0.436598 -0.318882,1.17868 -0.084475,0.436598 0.792645,-1.0803
 0.597882,-0.598727 -0.0287422,0.684271 -0.495835,1.04527 -0.0287422,0.684271 0.52552,-2.56729 -0.0950802,0.371771 -0.495835,1.04527 -0.0950802,0.371771 1.07669,-1.58512
 0.220958,-0.219973 -0.0888273,0.79195 -0.460681,0.849327 -0.0888273,0.79195 0.386981,-2.3525 -0.0966093,0.288592 -0.460681,0.849327 -0.0966093,0.288592 1.40935,-2.02238
 0.663203,-1.47915 0,0 -0.204419,1.38077 0,0 1.11016,-2.4036 0,0 -0.204419,1.38077 0,0 0.683429,-1.13373
 0.461899,-0.565042 0,0 -0.253693,1.31096 0,0 1.15559,-2.42936 0,0 -0.253693,1.31096 0,0 0.660911,-1.83484
 0.109733,-0.0364502 0,0 -0.143288,1.01965 0,0 1.37982,-2.40292 0,0 -0.143288,1.01965 0,0 0.568143,-2.24034
 0.797384,-1.37336 0.0457197,-0.434745 -0.318882,1.17868 0.0457197,-0.434745 0.852053,-2.5406 0.084475,-0.436598 -0.318882,1.17868 0.084475,-0.436598 0.792645,-1.0803
 0.597882,-0.598727 0.0287422,-0.684271 -0.495835,1.04527 0.0287422,-0.684271 0.52552,-2.56729 0.0950802,-0.371771 -0.495835,1.04527 0.0950802,-0.371771 1.07669,-1.58512
 0.220958,-0.219973 0.0888273,-0.79195 -0.460681,0.849327 0.0888273,-0.79195 0.386981,-2.3525 0.0966093,-0.288592 -0.460681,0.849327 0.0966093,-0.288592 1.40935,-2.02238
 0.832556,-1.44031 -0.0418654,0.408062 -0.241627,1.11084 -0.0418654,0.408062 0.901202,-2.53735 -0.0665931,0.409619 -0.241627,1.11084 -0.0665931,0.409619 0.829532,-1.18057
 0.674066,-0.693321 -0.0357244,0.666801 -0.366572,0.988177 -0.0357244,0.666801 0.66614,-2.62448 -0.0735772,0.362114 -0.366572,0.988177 -0.0735772,0.362114 1.02255,-1.61246
 0.382708,-0.278163 -0.0627315,0.818551 -0.354602,0.776468 -0.0627315,0.818551 0.490679,-2.49913 -0.0705231,0.279638 -0.354602,0.776468 -0.0705231,0.279638 1.29863,-1.94782
 0.74594,-1.53369 -0,0 -0.16953,1.29293 -0,0 1.0703,-2.42067 -0,0 -0.16953,1.29293 -0,0 0.758855,-1.22716
 0.582555,-0.670154 0,0 -0.207901,1.25613 0,0 1.10231,-2.42619 0,0 -0.207901,1.25613 0,0 0.747497,-1.87578
 0.300381,-0.121204 0,0 -0.112098,1.01028 0,0 1.27704,-2.3379 -0,-0 -0.112098,1.01028 -0,-0 0.659527,-2.33892
 0.832556,-1.44031 0.0418654,-0.408062 -0.241627,1.11084 0.0418654,-0.408062 0.901202,-2.53735 0.0665931,-0.409619 -0.241627,1.11084 0.0665931,-0.409619 0.829532,-1.18057
 0.674066,-0.693321 0.0357244,-0.666801 -0.366572,0.988177 0.0357244,-0.666801 0.66614,-2.62448 0.0735772,-0.362114 -0.366572,0.988177 0.0735772,-0.362114 1.02255,-1.61246
 0.382708,-0.278163 0.0627315,-0.818551 -0.354602,0.776468 0.0627315,-0.818551 0.490679,-2.49913 0.0705231,-0.279638 -0.354602,0.776468 0.0705231,-0.279638 1.29863,-1.94782
32 1 1 0
-1 -1
eps:
 1,0
mu:
 1,0
33 0 0 1
2 0
eps:
 -0.0217931,-0.231646 -0.175626,0.730471 0.565152,-0.941556 -0.175626,0.730471 0.378132,-2.17838 0.133393,-0.300139 0.565152,-0.941556 0.133393,-0.300139 1.44049,-2.19498
 0.482647,-0.541903 -0.0407102,0.662262 0.66985,-1.13492 -0.0407102,0.662262 0.404778,-2.40768 0.135456,-0.374353 0.66985,-1.13492 0.135456,-0.374353 1.13446,-1.6456
 0.750364,-1.32306 -0.0487902,0.452164 0.437575,-1.25342 -0.0487902,0.452164 0.774376,-2.52013 0.111436,-0.462167 0.437575,-1.25342 0.111436,-0.462167 0.742703,-0.985948
 -0.155801,-0.00538454 0,0 0.227478,-0.997023 0,0 1.43407,-2.54516 0,0 0.227478,-0.997023 0,0 0.529265,-2.10296
 0.290698,-0.465609 0,0 0.331693,-1.33137 0,0 1.21984,-2.47398 0,0 0.331693,-1.33137 0,0 0.550446,-1.77325
 0.536906,-1.41881 0,0 0.252056,-1.4553 0,0 1.17942,-2.40218 0,0 0.252056,-1.4553 0,0 0.56915,-1.02746
 -0.0217931,-0.231646 0.175626,-0.730471 0.565152,-0.941556 0.175626,-0.730471 0.378132,-2.17838 -0.133393,0.300139 0.565152,-0.941556 -0.133393,0.300139 1.44049,-2.19498
 0.482647,-0.541903 0.0407102,-0.662262 0.66985,-1.13492 0.0407102,-0.662262 0.404778,-2.40768 -0.135456,0.374353 0.66985,-1.13492 -0.135456,0.374353 1.13446,-1.6456
 0.750364,-1.32306 0.0487902,-0.452164 0.437575,-1.25342 0.0487902,-0.452164 0.774376,-2.52013 -0.111436,0.462167 0.437575,-1.25342 -0.111436,0.462167 0.742703,-0.985948
 0.220958,-0.219973 -0.0888273,0.79195 0.460681,-0.849327 -0.0888273,0.79195 0.386981,-2.3525 0.0966093,-0.288592 0.460681,-0.849327 0.0966093,-0.288592 1.40935,-2.02238
 0.597882,-0.598727 -0.0287422,0.684271 0.495835,-1.04527 -0.0287422,0.684271 0.52552,-2.56729 0.0950802,-0.371771 0.495835,-1.04527 0.0950802,-0.371771 1.07669,-1.58512
 0.797384,-1.37336 -0.0457197,0.434745 0.318882,-1.17868 -0.0457197,0.434745 0.852053,-2.5406 0.084475,-0.436598 0.318882,-1.17868 0.084475,-0.436598 0.792645,-1.0803
 0.109733,-0.0364502 0,0 0.143288,-1.01965 0,0 1.37982,-2.40292 0,0 0.143288,-1.01965 0,0 0.568143,-2.24034
 0.461899,-0.565042 0,0 0.253693,-1.31096 0,0 1.15559,-2.42936 0,0 0.253693,-1.31096 0,0 0.660911,-1.83484
 0.663203,-1.47915 0,0 0.204419,-1.38077 0,0 1.11016,-2.4036 0,0 0.204419,-1.38077 0,0 0.683429,-1.13373
 0.220958,-0.219973 0.0888273,-0.79195 0.460681,-0.849327 0.0888273,-0.79195 0.386981,-2.3525 -0.0966093,0.288592 0.460681,-0.849327 -0.0966093,0.288592 1.40935,-2.02238
 0.597882,-0.598727 0.0287422,-0.684271 0.495835,-1.04527 0.0287422,-0.684271 0.52552,-2.56729 -0.0950802,0.371771 0.495835,-1.04527 -0.0950802,0.371771 1.07669,-1.58512
 0.797384,-1.37336 0.0457197,-0.434745 0.318882,-1.17868 0.0457197,-0.434745 0.852053,-2.5406 -0.084475,0.436598 0.318882,-1.17868 -0.084475,0.436598 0.792645,-1.0803
 0.382708,-0.278163 -0.0627315,0.818551 0.354602,-0.776468 -0.0627315,0.818551 0.490679,-2.49913 0.0705231,-0.279638 0.354602,-0.776468 0.0705231,-0.279638 1.29863,-1.94782
 0.674066,-0.693321 -0.0357244,0.666801 0.366572,-0.988177 -0.0357244,0.666801 0.66614,-2.62448 0.0735772,-0.362114 0.366572,-0.988177 0.0735772,-0.362114 1.02255,-1.61246
 0.832556,-1.44031 -0.0418654,0.408062 0.241627,-1.11084 -0.0418654,0.408062 0.901202,-2.53735 0.0665931,-0.409619 0.241627,-1.11084 0.0665931,-0.409619 0.829532,-1.18057
 0.300381,-0.121204 0,0 0.112098,-1.01028 0,0 1.27704,-2.3379 0,0 0.112098,-1.01028 0,0 0.659527,-2.33892
 0.582555,-0.670154 0,0 0.207901,-1.25613 0,0 1.10231,-2.42619 0,0 0.207901,-1.25613 0,0 0.747497,-1.87578
 0.74594,-1.53369 -0,0 0.16953,-1.29293 -0,0 1.0703,-2.42067 -0,0 0.16953,-1.29293 -0,0 0.758855,-1.22716
 0.382708,-0.278163 0.0627315,-0.818551 0.354602,-0.776468 0.0627315,-0.818551 0.490679,-2.49913 -0.0705231,0.279638 0.354602,-0.776468 -0.0705231,0.279638 1.29863,-1.94782
 0.674066,-0.693321 0.0357244,-0.666801 0.366572,-0.988177 0.0357244,-0.666801 0.66614,-2.62448 -0.0735772,0.362114 0.366572,-0.988177 -0.0735772,0.362114 1.02255,-1.61246
 0.832556,-1.44031 0.0418654,-0.408062 0.241627,-1.11084 0.0418654,-0.408062 0.901202,-2.53735 -0.0665931,0.409619 0.241627,-1.11084 -0.0665931,0.409619 0.829532,-1.18057
mu:
 -0.0217931,-0.231646 -0.175626,0.730471 0.565152,-0.941556 -0.175626,0.730471 0.378132,-2.17838 0.133393,-0.300139 0.565152,-0.941556 0.133393,-0.300139 1.44049,-2.19498
 0.482647,-0.541903 -0.0407102,0.662262 0.66985,-1.13492 -0.0407102,0.662262 0.404778,-2.40768 0.135456,-0.374353 0.66985,-1.13492 0.135456,-0.374353 1.13446,-1.6456
 0.750364,-1.32306 -0.0487902,0.452164 0.437575,-1.25342 -0.0487902,0.452164 0.774376,-2.52013 0.111436,-0.462167 0.437575,-1.25342 0.111436,-0.462167 0.742703,-0.985948
