!Materials.txt
1 1 1 0
-1 -1
eps: 
 1,0
mu: 
 1,0
2 1 1 0
-1 -1
eps: 
 2.25,0
mu: 
 1,0
3 1 1 0
-1 -1
eps: 
 1,0
mu: 
 1,0
4 1 1 0
-1 -1
eps: 
 2.25,0
mu: 
 1,0
5 1 1 0
-1 -1
eps: 
 2.25,0
mu: 
 1,0
6 1 1 0
-1 -1
eps: 
 2.25,0
mu: 
 1,0
7 1 1 0
-1 -1
eps: 
 1,0
mu: 
 1,0
8 1 1 0
-1 -1
eps: 
 2.25,0
mu: 
 1,0
9 1 1 0
-1 -1
eps: 
 1,0
mu: 
 1,0
10 1 1 0
-1 -1
eps: 
 2.25,0
mu: 
 1,0
11 1 1 0
-1 -1
eps: 
 2.25,0
mu: 
 1,0
12 1 1 0
-1 -1
eps: 
 2.25,0
mu: 
 1,0
13 1 1 0
-1 -1
eps: 
 2.25,0
mu: 
 1,0
14 1 1 0
-1 -1
eps: 
 2.25,0
mu: 
 1,0
15 1 1 0
-1 -1
eps: 
 2.25,0
mu: 
 1,0
16 1 1 0
-1 -1
eps: 
 2.25,0
mu: 
 1,0
17 1 1 0
-1 -1
eps: 
 2.25,0
mu: 
 1,0
18 1 1 0
-1 -1
eps: 
 2.25,0
mu: 
 1,0
19 1 1 0
-1 -1
eps: 
 1,0
mu: 
 1,0
20 1 1 0
-1 -1
eps: 
 2.25,0
mu: 
 1,0
21 1 1 0
-1 -1
eps: 
 1,0
mu: 
 1,0
22 1 1 0
-1 -1
eps: 
 2.25,0
mu: 
 1,0
23 1 1 0
-1 -1
eps: 
 2.25,0
mu: 
 1,0
24 1 1 0
-1 -1
eps: 
 2.25,0
mu: 
 1,0
25 1 1 0
-1 -1
eps: 
 1,0
mu: 
 1,0
26 1 1 0
-1 -1
eps: 
 2.25,0
mu: 
 1,0
27 1 1 0
-1 -1
eps: 
 1,0
mu: 
 1,0
28 0 0 1
1 0
eps:
 0.73626688,-0.87463786 -0.26373312,1.04830705 -0.26373312,1.04830705 -0.26373312,1.04830705 0.73626688,-2.12170622 -0.26373312,0.42477286 -0.26373312,1.04830705 -0.26373312,0.42477286 0.73626688,-2.12170622
 0.05239737,-0.76061104 0.99198534,1.36177046 -0.78013703,0.26822551 0.99198534,1.36177046 -1.47613247,-1.41633699 -0.13360771,0.12685965 -0.78013703,0.26822551 -0.13360771,0.12685965 2.19658062,-0.33057944
 0.05239737,-0.76061104 -0.78013703,0.26822551 0.99198534,1.36177046 -0.78013703,0.26822551 2.19658062,-0.33057944 -0.13360771,0.12685965 0.99198534,1.36177046 -0.13360771,0.12685965 -1.47613247,-1.41633699
 0.37135297,-1.03667812 -0.20954901,1.05396897 -0.20954901,1.05396897 -0.20954901,1.05396897 0.93015033,-2.01158877 -0.06984967,0.53489032 -0.20954901,1.05396897 -0.06984967,0.53489032 0.93015033,-2.01158877
 0.84252299,-1.13665710 -0.15747701,0.92800012 -0.15747701,0.92800012 -0.15747701,0.92800012 0.84252299,-2.10030083 -0.15747701,0.44617825 -0.15747701,0.92800012 -0.15747701,0.44617825 0.84252299,-2.10030083
 0.35583455,-1.35105084 0.65566559,1.83471754 -0.39640617,0.18118872 0.65566559,1.83471754 -0.66852247,-2.61981209 0.03687085,0.39428515 -0.39640617,0.18118872 0.03687085,0.39428515 1.43789173,-0.95408854
 0.35583455,-1.35105084 -0.39640617,0.18118872 0.65566559,1.83471754 -0.39640617,0.18118872 1.43789173,-0.95408854 0.03687085,0.39428515 0.65566559,1.83471754 0.03687085,0.39428515 -0.66852247,-2.61981209
 0.62463018,-1.09867606 -0.12512327,0.90814345 -0.12512327,0.90814345 -0.12512327,0.90814345 0.95829224,-2.10191713 -0.04170776,0.44456196 -0.12512327,0.90814345 -0.04170776,0.44456196 0.95829224,-2.10191713
mu:
 0.73626688,-0.87463786 -0.26373312,1.04830705 -0.26373312,1.04830705 -0.26373312,1.04830705 0.73626688,-2.12170622 -0.26373312,0.42477286 -0.26373312,1.04830705 -0.26373312,0.42477286 0.73626688,-2.12170622
 0.05239737,-0.76061104 0.99198534,1.36177046 -0.78013703,0.26822551 0.99198534,1.36177046 -1.47613247,-1.41633699 -0.13360771,0.12685965 -0.78013703,0.26822551 -0.13360771,0.12685965 2.19658062,-0.33057944
 0.05239737,-0.76061104 -0.78013703,0.26822551 0.99198534,1.36177046 -0.78013703,0.26822551 2.19658062,-0.33057944 -0.13360771,0.12685965 0.99198534,1.36177046 -0.13360771,0.12685965 -1.47613247,-1.41633699
 0.37135297,-1.03667812 -0.20954901,1.05396897 -0.20954901,1.05396897 -0.20954901,1.05396897 0.93015033,-2.01158877 -0.06984967,0.53489032 -0.20954901,1.05396897 -0.06984967,0.53489032 0.93015033,-2.01158877
 0.84252299,-1.13665710 -0.15747701,0.92800012 -0.15747701,0.92800012 -0.15747701,0.92800012 0.84252299,-2.10030083 -0.15747701,0.44617825 -0.15747701,0.92800012 -0.15747701,0.44617825 0.84252299,-2.10030083
 0.35583455,-1.35105084 0.65566559,1.83471754 -0.39640617,0.18118872 0.65566559,1.83471754 -0.66852247,-2.61981209 0.03687085,0.39428515 -0.39640617,0.18118872 0.03687085,0.39428515 1.43789173,-0.95408854
 0.35583455,-1.35105084 -0.39640617,0.18118872 0.65566559,1.83471754 -0.39640617,0.18118872 1.43789173,-0.95408854 0.03687085,0.39428515 0.65566559,1.83471754 0.03687085,0.39428515 -0.66852247,-2.61981209
 0.62463018,-1.09867606 -0.12512327,0.90814345 -0.12512327,0.90814345 -0.12512327,0.90814345 0.95829224,-2.10191713 -0.04170776,0.44456196 -0.12512327,0.90814345 -0.04170776,0.44456196 0.95829224,-2.10191713
29 0 0 1
1 0
eps:
 0.05238658,-0.47809116 0.33456309,1.38166285 -0.31587114,0.05222955 0.33456309,1.38166285 -0.95805744,-1.72430835 0.11152103,-0.17667881 -0.31587114,0.05222955 0.11152103,-0.17667881 2.56172653,-1.48542721
 0.05238658,-0.47809116 0.33456309,1.38166285 0.31587114,-0.05222955 0.33456309,1.38166285 -0.95805744,-1.72430835 -0.11152103,0.17667881 0.31587114,-0.05222955 -0.11152103,0.17667881 2.56172653,-1.48542721
 0.52797030,-0.05247414 -0.94315204,0.80688782 -0.15734323,0.19410190 -0.94315204,0.80688782 2.09069663,-1.02961248 -0.31438401,0.05655158 -0.15734323,0.19410190 -0.31438401,0.05655158 -1.03844610,-2.62350450
 0.52797030,-0.05247414 -0.94315204,0.80688782 0.15734323,-0.19410190 -0.94315204,0.80688782 2.09069663,-1.02961248 0.31438401,-0.05655158 0.15734323,-0.19410190 0.31438401,-0.05655158 -1.03844610,-2.62350450
 0.40057835,-0.95933649 0.25983963,1.69573339 -0.19980722,0.03664015 0.25983963,1.69573339 -0.27657913,-2.42608952 0.08661321,0.07283708 -0.19980722,0.03664015 0.08661321,0.07283708 1.59130178,-1.56414326
 0.40057835,-0.95933649 0.25983963,1.69573339 0.19980722,-0.03664015 0.25983963,1.69573339 -0.27657913,-2.42608952 -0.08661321,-0.07283708 0.19980722,-0.03664015 -0.08661321,-0.07283708 1.59130178,-1.56414326
 0.64315693,-0.20617119 -0.42907466,0.68405901 -0.11894769,0.28769525 -0.42907466,0.68405901 1.41150364,-1.21621571 -0.14302489,0.06388388 -0.11894769,0.28769525 -0.14302489,0.06388388 -0.37058258,-3.55023569
 0.64315693,-0.20617119 -0.42907466,0.68405901 0.11894769,-0.28769525 -0.42907466,0.68405901 1.41150364,-1.21621571 0.14302489,-0.06388388 0.11894769,-0.28769525 0.14302489,-0.06388388 -0.37058258,-3.55023569
mu:
 0.05238658,-0.47809116 0.33456309,1.38166285 -0.31587114,0.05222955 0.33456309,1.38166285 -0.95805744,-1.72430835 0.11152103,-0.17667881 -0.31587114,0.05222955 0.11152103,-0.17667881 2.56172653,-1.48542721
 0.05238658,-0.47809116 0.33456309,1.38166285 0.31587114,-0.05222955 0.33456309,1.38166285 -0.95805744,-1.72430835 -0.11152103,0.17667881 0.31587114,-0.05222955 -0.11152103,0.17667881 2.56172653,-1.48542721
 0.52797030,-0.05247414 -0.94315204,0.80688782 -0.15734323,0.19410190 -0.94315204,0.80688782 2.09069663,-1.02961248 -0.31438401,0.05655158 -0.15734323,0.19410190 -0.31438401,0.05655158 -1.03844610,-2.62350450
 0.52797030,-0.05247414 -0.94315204,0.80688782 0.15734323,-0.19410190 -0.94315204,0.80688782 2.09069663,-1.02961248 0.31438401,-0.05655158 0.15734323,-0.19410190 0.31438401,-0.05655158 -1.03844610,-2.62350450
 0.40057835,-0.95933649 0.25983963,1.69573339 -0.19980722,0.03664015 0.25983963,1.69573339 -0.27657913,-2.42608952 0.08661321,0.07283708 -0.19980722,0.03664015 0.08661321,0.07283708 1.59130178,-1.56414326
 0.40057835,-0.95933649 0.25983963,1.69573339 0.19980722,-0.03664015 0.25983963,1.69573339 -0.27657913,-2.42608952 -0.08661321,-0.07283708 0.19980722,-0.03664015 -0.08661321,-0.07283708 1.59130178,-1.56414326
 0.64315693,-0.20617119 -0.42907466,0.68405901 -0.11894769,0.28769525 -0.42907466,0.68405901 1.41150364,-1.21621571 -0.14302489,0.06388388 -0.11894769,0.28769525 -0.14302489,0.06388388 -0.37058258,-3.55023569
 0.64315693,-0.20617119 -0.42907466,0.68405901 0.11894769,-0.28769525 -0.42907466,0.68405901 1.41150364,-1.21621571 0.14302489,-0.06388388 0.11894769,-0.28769525 0.14302489,-0.06388388 -0.37058258,-3.55023569
30 0 0 1
1 0
eps:
 0.05239737,-0.76061104 0.99198534,1.36177046 0.78013703,-0.26822551 0.99198534,1.36177046 -1.47613247,-1.41633699 0.13360771,-0.12685965 0.78013703,-0.26822551 0.13360771,-0.12685965 2.19658062,-0.33057944
 0.73626688,-0.87463786 -0.26373312,1.04830705 0.26373312,-1.04830705 -0.26373312,1.04830705 0.73626688,-2.12170622 0.26373312,-0.42477286 0.26373312,-1.04830705 0.26373312,-0.42477286 0.73626688,-2.12170622
 0.37135297,-1.03667812 -0.20954901,1.05396897 0.20954901,-1.05396897 -0.20954901,1.05396897 0.93015033,-2.01158877 0.06984967,-0.53489032 0.20954901,-1.05396897 0.06984967,-0.53489032 0.93015033,-2.01158877
 0.05239737,-0.76061104 -0.78013703,0.26822551 -0.99198534,-1.36177046 -0.78013703,0.26822551 2.19658062,-0.33057944 0.13360771,-0.12685965 -0.99198534,-1.36177046 0.13360771,-0.12685965 -1.47613247,-1.41633699
 0.35583455,-1.35105084 0.65566559,1.83471754 0.39640617,-0.18118872 0.65566559,1.83471754 -0.66852247,-2.61981209 -0.03687085,-0.39428515 0.39640617,-0.18118872 -0.03687085,-0.39428515 1.43789173,-0.95408854
 0.84252299,-1.13665710 -0.15747701,0.92800012 0.15747701,-0.92800012 -0.15747701,0.92800012 0.84252299,-2.10030083 0.15747701,-0.44617825 0.15747701,-0.92800012 0.15747701,-0.44617825 0.84252299,-2.10030083
 0.62463018,-1.09867606 -0.12512327,0.90814345 0.12512327,-0.90814345 -0.12512327,0.90814345 0.95829224,-2.10191713 0.04170776,-0.44456196 0.12512327,-0.90814345 0.04170776,-0.44456196 0.95829224,-2.10191713
 0.35583455,-1.35105084 -0.39640617,0.18118872 -0.65566559,-1.83471754 -0.39640617,0.18118872 1.43789173,-0.95408854 -0.03687085,-0.39428515 -0.65566559,-1.83471754 -0.03687085,-0.39428515 -0.66852247,-2.61981209
mu:
 0.05239737,-0.76061104 0.99198534,1.36177046 0.78013703,-0.26822551 0.99198534,1.36177046 -1.47613247,-1.41633699 0.13360771,-0.12685965 0.78013703,-0.26822551 0.13360771,-0.12685965 2.19658062,-0.33057944
 0.73626688,-0.87463786 -0.26373312,1.04830705 0.26373312,-1.04830705 -0.26373312,1.04830705 0.73626688,-2.12170622 0.26373312,-0.42477286 0.26373312,-1.04830705 0.26373312,-0.42477286 0.73626688,-2.12170622
 0.37135297,-1.03667812 -0.20954901,1.05396897 0.20954901,-1.05396897 -0.20954901,1.05396897 0.93015033,-2.01158877 0.06984967,-0.53489032 0.20954901,-1.05396897 0.06984967,-0.53489032 0.93015033,-2.01158877
 0.05239737,-0.76061104 -0.78013703,0.26822551 -0.99198534,-1.36177046 -0.78013703,0.26822551 2.19658062,-0.33057944 0.13360771,-0.12685965 -0.99198534,-1.36177046 0.13360771,-0.12685965 -1.47613247,-1.41633699
 0.35583455,-1.35105084 0.65566559,1.83471754 0.39640617,-0.18118872 0.65566559,1.83471754 -0.66852247,-2.61981209 -0.03687085,-0.39428515 0.39640617,-0.18118872 -0.03687085,-0.39428515 1.43789173,-0.95408854
 0.84252299,-1.13665710 -0.15747701,0.92800012 0.15747701,-0.92800012 -0.15747701,0.92800012 0.84252299,-2.10030083 0.15747701,-0.44617825 0.15747701,-0.92800012 0.15747701,-0.44617825 0.84252299,-2.10030083
 0.62463018,-1.09867606 -0.12512327,0.90814345 0.12512327,-0.90814345 -0.12512327,0.90814345 0.95829224,-2.10191713 0.04170776,-0.44456196 0.12512327,-0.90814345 0.04170776,-0.44456196 0.95829224,-2.10191713
 0.35583455,-1.35105084 -0.39640617,0.18118872 -0.65566559,-1.83471754 -0.39640617,0.18118872 1.43789173,-0.95408854 -0.03687085,-0.39428515 -0.65566559,-1.83471754 -0.03687085,-0.39428515 -0.66852247,-2.61981209
31 0 0 1
1 0
eps:
 0.05238658,-0.47809116 -0.31587114,0.05222955 0.33456309,1.38166285 -0.31587114,0.05222955 2.56172653,-1.48542721 0.11152103,-0.17667881 0.33456309,1.38166285 0.11152103,-0.17667881 -0.95805744,-1.72430835
 0.52797030,-0.05247414 -0.15734323,0.19410190 -0.94315204,0.80688782 -0.15734323,0.19410190 -1.03844610,-2.62350450 -0.31438401,0.05655158 -0.94315204,0.80688782 -0.31438401,0.05655158 2.09069663,-1.02961248
 0.05238658,-0.47809116 0.31587114,-0.05222955 0.33456309,1.38166285 0.31587114,-0.05222955 2.56172653,-1.48542721 -0.11152103,0.17667881 0.33456309,1.38166285 -0.11152103,0.17667881 -0.95805744,-1.72430835
 0.52797030,-0.05247414 0.15734323,-0.19410190 -0.94315204,0.80688782 0.15734323,-0.19410190 -1.03844610,-2.62350450 0.31438401,-0.05655158 -0.94315204,0.80688782 0.31438401,-0.05655158 2.09069663,-1.02961248
 0.40057835,-0.95933649 -0.19980722,0.03664015 0.25983963,1.69573339 -0.19980722,0.03664015 1.59130178,-1.56414326 0.08661321,0.07283708 0.25983963,1.69573339 0.08661321,0.07283708 -0.27657913,-2.42608952
 0.64315693,-0.20617119 -0.11894769,0.28769525 -0.42907466,0.68405901 -0.11894769,0.28769525 -0.37058258,-3.55023569 -0.14302489,0.06388388 -0.42907466,0.68405901 -0.14302489,0.06388388 1.41150364,-1.21621571
 0.40057835,-0.95933649 0.19980722,-0.03664015 0.25983963,1.69573339 0.19980722,-0.03664015 1.59130178,-1.56414326 -0.08661321,-0.07283708 0.25983963,1.69573339 -0.08661321,-0.07283708 -0.27657913,-2.42608952
 0.64315693,-0.20617119 0.11894769,-0.28769525 -0.42907466,0.68405901 0.11894769,-0.28769525 -0.37058258,-3.55023569 0.14302489,-0.06388388 -0.42907466,0.68405901 0.14302489,-0.06388388 1.41150364,-1.21621571
mu:
 0.05238658,-0.47809116 -0.31587114,0.05222955 0.33456309,1.38166285 -0.31587114,0.05222955 2.56172653,-1.48542721 0.11152103,-0.17667881 0.33456309,1.38166285 0.11152103,-0.17667881 -0.95805744,-1.72430835
 0.52797030,-0.05247414 -0.15734323,0.19410190 -0.94315204,0.80688782 -0.15734323,0.19410190 -1.03844610,-2.62350450 -0.31438401,0.05655158 -0.94315204,0.80688782 -0.31438401,0.05655158 2.09069663,-1.02961248
 0.05238658,-0.47809116 0.31587114,-0.05222955 0.33456309,1.38166285 0.31587114,-0.05222955 2.56172653,-1.48542721 -0.11152103,0.17667881 0.33456309,1.38166285 -0.11152103,0.17667881 -0.95805744,-1.72430835
 0.52797030,-0.05247414 0.15734323,-0.19410190 -0.94315204,0.80688782 0.15734323,-0.19410190 -1.03844610,-2.62350450 0.31438401,-0.05655158 -0.94315204,0.80688782 0.31438401,-0.05655158 2.09069663,-1.02961248
 0.40057835,-0.95933649 -0.19980722,0.03664015 0.25983963,1.69573339 -0.19980722,0.03664015 1.59130178,-1.56414326 0.08661321,0.07283708 0.25983963,1.69573339 0.08661321,0.07283708 -0.27657913,-2.42608952
 0.64315693,-0.20617119 -0.11894769,0.28769525 -0.42907466,0.68405901 -0.11894769,0.28769525 -0.37058258,-3.55023569 -0.14302489,0.06388388 -0.42907466,0.68405901 -0.14302489,0.06388388 1.41150364,-1.21621571
 0.40057835,-0.95933649 0.19980722,-0.03664015 0.25983963,1.69573339 0.19980722,-0.03664015 1.59130178,-1.56414326 -0.08661321,-0.07283708 0.25983963,1.69573339 -0.08661321,-0.07283708 -0.27657913,-2.42608952
 0.64315693,-0.20617119 0.11894769,-0.28769525 -0.42907466,0.68405901 0.11894769,-0.28769525 -0.37058258,-3.55023569 0.14302489,-0.06388388 -0.42907466,0.68405901 0.14302489,-0.06388388 1.41150364,-1.21621571
32 1 1 0
-1 -1
eps: 
 1,0
mu: 
 1,0
33 0 0 1
1 0
eps:
 0.52797030,-0.05247414 -0.15734323,0.19410190 0.94315204,-0.80688782 -0.15734323,0.19410190 -1.03844610,-2.62350450 0.31438401,-0.05655158 0.94315204,-0.80688782 0.31438401,-0.05655158 2.09069663,-1.02961248
 0.05238658,-0.47809116 -0.31587114,0.05222955 -0.33456309,-1.38166285 -0.31587114,0.05222955 2.56172653,-1.48542721 -0.11152103,0.17667881 -0.33456309,-1.38166285 -0.11152103,0.17667881 -0.95805744,-1.72430835
 0.52797030,-0.05247414 0.15734323,-0.19410190 0.94315204,-0.80688782 0.15734323,-0.19410190 -1.03844610,-2.62350450 -0.31438401,0.05655158 0.94315204,-0.80688782 -0.31438401,0.05655158 2.09069663,-1.02961248
 0.05238658,-0.47809116 0.31587114,-0.05222955 -0.33456309,-1.38166285 0.31587114,-0.05222955 2.56172653,-1.48542721 0.11152103,-0.17667881 -0.33456309,-1.38166285 0.11152103,-0.17667881 -0.95805744,-1.72430835
 0.64315693,-0.20617119 -0.11894769,0.28769525 0.42907466,-0.68405901 -0.11894769,0.28769525 -0.37058258,-3.55023569 0.14302489,-0.06388388 0.42907466,-0.68405901 0.14302489,-0.06388388 1.41150364,-1.21621571
 0.40057835,-0.95933649 -0.19980722,0.03664015 -0.25983963,-1.69573339 -0.19980722,0.03664015 1.59130178,-1.56414326 -0.08661321,-0.07283708 -0.25983963,-1.69573339 -0.08661321,-0.07283708 -0.27657913,-2.42608952
 0.64315693,-0.20617119 0.11894769,-0.28769525 0.42907466,-0.68405901 0.11894769,-0.28769525 -0.37058258,-3.55023569 -0.14302489,0.06388388 0.42907466,-0.68405901 -0.14302489,0.06388388 1.41150364,-1.21621571
 0.40057835,-0.95933649 0.19980722,-0.03664015 -0.25983963,-1.69573339 0.19980722,-0.03664015 1.59130178,-1.56414326 0.08661321,0.07283708 -0.25983963,-1.69573339 0.08661321,0.07283708 -0.27657913,-2.42608952
mu:
 0.52797030,-0.05247414 -0.15734323,0.19410190 0.94315204,-0.80688782 -0.15734323,0.19410190 -1.03844610,-2.62350450 0.31438401,-0.05655158 0.94315204,-0.80688782 0.31438401,-0.05655158 2.09069663,-1.02961248
 0.05238658,-0.47809116 -0.31587114,0.05222955 -0.33456309,-1.38166285 -0.31587114,0.05222955 2.56172653,-1.48542721 -0.11152103,0.17667881 -0.33456309,-1.38166285 -0.11152103,0.17667881 -0.95805744,-1.72430835
 0.52797030,-0.05247414 0.15734323,-0.19410190 0.94315204,-0.80688782 0.15734323,-0.19410190 -1.03844610,-2.62350450 -0.31438401,0.05655158 0.94315204,-0.80688782 -0.31438401,0.05655158 2.09069663,-1.02961248
 0.05238658,-0.47809116 0.31587114,-0.05222955 -0.33456309,-1.38166285 0.31587114,-0.05222955 2.56172653,-1.48542721 0.11152103,-0.17667881 -0.33456309,-1.38166285 0.11152103,-0.17667881 -0.95805744,-1.72430835
 0.64315693,-0.20617119 -0.11894769,0.28769525 0.42907466,-0.68405901 -0.11894769,0.28769525 -0.37058258,-3.55023569 0.14302489,-0.06388388 0.42907466,-0.68405901 0.14302489,-0.06388388 1.41150364,-1.21621571
 0.40057835,-0.95933649 -0.19980722,0.03664015 -0.25983963,-1.69573339 -0.19980722,0.03664015 1.59130178,-1.56414326 -0.08661321,-0.07283708 -0.25983963,-1.69573339 -0.08661321,-0.07283708 -0.27657913,-2.42608952
 0.64315693,-0.20617119 0.11894769,-0.28769525 0.42907466,-0.68405901 0.11894769,-0.28769525 -0.37058258,-3.55023569 -0.14302489,0.06388388 0.42907466,-0.68405901 -0.14302489,0.06388388 1.41150364,-1.21621571
 0.40057835,-0.95933649 0.19980722,-0.03664015 -0.25983963,-1.69573339 0.19980722,-0.03664015 1.59130178,-1.56414326 0.08661321,0.07283708 -0.25983963,-1.69573339 0.08661321,0.07283708 -0.27657913,-2.42608952
34 0 0 1
1 0
eps:
 0.05239737,-0.76061104 0.78013703,-0.26822551 0.99198534,1.36177046 0.78013703,-0.26822551 2.19658062,-0.33057944 0.13360771,-0.12685965 0.99198534,1.36177046 0.13360771,-0.12685965 -1.47613247,-1.41633699
 0.37135297,-1.03667812 0.20954901,-1.05396897 -0.20954901,1.05396897 0.20954901,-1.05396897 0.93015033,-2.01158877 0.06984967,-0.53489032 -0.20954901,1.05396897 0.06984967,-0.53489032 0.93015033,-2.01158877
 0.73626688,-0.87463786 0.26373312,-1.04830705 -0.26373312,1.04830705 0.26373312,-1.04830705 0.73626688,-2.12170622 0.26373312,-0.42477286 -0.26373312,1.04830705 0.26373312,-0.42477286 0.73626688,-2.12170622
 0.05239737,-0.76061104 -0.99198534,-1.36177046 -0.78013703,0.26822551 -0.99198534,-1.36177046 -1.47613247,-1.41633699 0.13360771,-0.12685965 -0.78013703,0.26822551 0.13360771,-0.12685965 2.19658062,-0.33057944
 0.35583455,-1.35105084 0.39640617,-0.18118872 0.65566559,1.83471754 0.39640617,-0.18118872 1.43789173,-0.95408854 -0.03687085,-0.39428515 0.65566559,1.83471754 -0.03687085,-0.39428515 -0.66852247,-2.61981209
 0.62463018,-1.09867606 0.12512327,-0.90814345 -0.12512327,0.90814345 0.12512327,-0.90814345 0.95829224,-2.10191713 0.04170776,-0.44456196 -0.12512327,0.90814345 0.04170776,-0.44456196 0.95829224,-2.10191713
 0.84252299,-1.13665710 0.15747701,-0.92800012 -0.15747701,0.92800012 0.15747701,-0.92800012 0.84252299,-2.10030083 0.15747701,-0.44617825 -0.15747701,0.92800012 0.15747701,-0.44617825 0.84252299,-2.10030083
 0.35583455,-1.35105084 -0.65566559,-1.83471754 -0.39640617,0.18118872 -0.65566559,-1.83471754 -0.66852247,-2.61981209 -0.03687085,-0.39428515 -0.39640617,0.18118872 -0.03687085,-0.39428515 1.43789173,-0.95408854
mu:
 0.05239737,-0.76061104 0.78013703,-0.26822551 0.99198534,1.36177046 0.78013703,-0.26822551 2.19658062,-0.33057944 0.13360771,-0.12685965 0.99198534,1.36177046 0.13360771,-0.12685965 -1.47613247,-1.41633699
 0.37135297,-1.03667812 0.20954901,-1.05396897 -0.20954901,1.05396897 0.20954901,-1.05396897 0.93015033,-2.01158877 0.06984967,-0.53489032 -0.20954901,1.05396897 0.06984967,-0.53489032 0.93015033,-2.01158877
 0.73626688,-0.87463786 0.26373312,-1.04830705 -0.26373312,1.04830705 0.26373312,-1.04830705 0.73626688,-2.12170622 0.26373312,-0.42477286 -0.26373312,1.04830705 0.26373312,-0.42477286 0.73626688,-2.12170622
 0.05239737,-0.76061104 -0.99198534,-1.36177046 -0.78013703,0.26822551 -0.99198534,-1.36177046 -1.47613247,-1.41633699 0.13360771,-0.12685965 -0.78013703,0.26822551 0.13360771,-0.12685965 2.19658062,-0.33057944
 0.35583455,-1.35105084 0.39640617,-0.18118872 0.65566559,1.83471754 0.39640617,-0.18118872 1.43789173,-0.95408854 -0.03687085,-0.39428515 0.65566559,1.83471754 -0.03687085,-0.39428515 -0.66852247,-2.61981209
 0.62463018,-1.09867606 0.12512327,-0.90814345 -0.12512327,0.90814345 0.12512327,-0.90814345 0.95829224,-2.10191713 0.04170776,-0.44456196 -0.12512327,0.90814345 0.04170776,-0.44456196 0.95829224,-2.10191713
 0.84252299,-1.13665710 0.15747701,-0.92800012 -0.15747701,0.92800012 0.15747701,-0.92800012 0.84252299,-2.10030083 0.15747701,-0.44617825 -0.15747701,0.92800012 0.15747701,-0.44617825 0.84252299,-2.10030083
 0.35583455,-1.35105084 -0.65566559,-1.83471754 -0.39640617,0.18118872 -0.65566559,-1.83471754 -0.66852247,-2.61981209 -0.03687085,-0.39428515 -0.39640617,0.18118872 -0.03687085,-0.39428515 1.43789173,-0.95408854
35 0 0 1
1 0
eps:
 0.52797030,-0.05247414 0.94315204,-0.80688782 -0.15734323,0.19410190 0.94315204,-0.80688782 2.09069663,-1.02961248 0.31438401,-0.05655158 -0.15734323,0.19410190 0.31438401,-0.05655158 -1.03844610,-2.62350450
 0.52797030,-0.05247414 0.94315204,-0.80688782 0.15734323,-0.19410190 0.94315204,-0.80688782 2.09069663,-1.02961248 -0.31438401,0.05655158 0.15734323,-0.19410190 -0.31438401,0.05655158 -1.03844610,-2.62350450
 0.05238658,-0.47809116 -0.33456309,-1.38166285 -0.31587114,0.05222955 -0.33456309,-1.38166285 -0.95805744,-1.72430835 -0.11152103,0.17667881 -0.31587114,0.05222955 -0.11152103,0.17667881 2.56172653,-1.48542721
 0.05238658,-0.47809116 -0.33456309,-1.38166285 0.31587114,-0.05222955 -0.33456309,-1.38166285 -0.95805744,-1.72430835 0.11152103,-0.17667881 0.31587114,-0.05222955 0.11152103,-0.17667881 2.56172653,-1.48542721
 0.64315693,-0.20617119 0.42907466,-0.68405901 -0.11894769,0.28769525 0.42907466,-0.68405901 1.41150364,-1.21621571 0.14302489,-0.06388388 -0.11894769,0.28769525 0.14302489,-0.06388388 -0.37058258,-3.55023569
 0.64315693,-0.20617119 0.42907466,-0.68405901 0.11894769,-0.28769525 0.42907466,-0.68405901 1.41150364,-1.21621571 -0.14302489,0.06388388 0.11894769,-0.28769525 -0.14302489,0.06388388 -0.37058258,-3.55023569
 0.40057835,-0.95933649 -0.25983963,-1.69573339 -0.19980722,0.03664015 -0.25983963,-1.69573339 -0.27657913,-2.42608952 -0.08661321,-0.07283708 -0.19980722,0.03664015 -0.08661321,-0.07283708 1.59130178,-1.56414326
 0.40057835,-0.95933649 -0.25983963,-1.69573339 0.19980722,-0.03664015 -0.25983963,-1.69573339 -0.27657913,-2.42608952 0.08661321,0.07283708 0.19980722,-0.03664015 0.08661321,0.07283708 1.59130178,-1.56414326
mu:
 0.52797030,-0.05247414 0.94315204,-0.80688782 -0.15734323,0.19410190 0.94315204,-0.80688782 2.09069663,-1.02961248 0.31438401,-0.05655158 -0.15734323,0.19410190 0.31438401,-0.05655158 -1.03844610,-2.62350450
 0.52797030,-0.05247414 0.94315204,-0.80688782 0.15734323,-0.19410190 0.94315204,-0.80688782 2.09069663,-1.02961248 -0.31438401,0.05655158 0.15734323,-0.19410190 -0.31438401,0.05655158 -1.03844610,-2.62350450
 0.05238658,-0.47809116 -0.33456309,-1.38166285 -0.31587114,0.05222955 -0.33456309,-1.38166285 -0.95805744,-1.72430835 -0.11152103,0.17667881 -0.31587114,0.05222955 -0.11152103,0.17667881 2.56172653,-1.48542721
 0.05238658,-0.47809116 -0.33456309,-1.38166285 0.31587114,-0.05222955 -0.33456309,-1.38166285 -0.95805744,-1.72430835 0.11152103,-0.17667881 0.31587114,-0.05222955 0.11152103,-0.17667881 2.56172653,-1.48542721
 0.64315693,-0.20617119 0.42907466,-0.68405901 -0.11894769,0.28769525 0.42907466,-0.68405901 1.41150364,-1.21621571 0.14302489,-0.06388388 -0.11894769,0.28769525 0.14302489,-0.06388388 -0.37058258,-3.55023569
 0.64315693,-0.20617119 0.42907466,-0.68405901 0.11894769,-0.28769525 0.42907466,-0.68405901 1.41150364,-1.21621571 -0.14302489,0.06388388 0.11894769,-0.28769525 -0.14302489,0.06388388 -0.37058258,-3.55023569
 0.40057835,-0.95933649 -0.25983963,-1.69573339 -0.19980722,0.03664015 -0.25983963,-1.69573339 -0.27657913,-2.42608952 -0.08661321,-0.07283708 -0.19980722,0.03664015 -0.08661321,-0.07283708 1.59130178,-1.56414326
 0.40057835,-0.95933649 -0.25983963,-1.69573339 0.19980722,-0.03664015 -0.25983963,-1.69573339 -0.27657913,-2.42608952 0.08661321,0.07283708 0.19980722,-0.03664015 0.08661321,0.07283708 1.59130178,-1.56414326
36 0 0 1
1 0
eps:
 0.37135297,-1.03667812 0.20954901,-1.05396897 0.20954901,-1.05396897 0.20954901,-1.05396897 0.93015033,-2.01158877 -0.06984967,0.53489032 0.20954901,-1.05396897 -0.06984967,0.53489032 0.93015033,-2.01158877
 0.05239737,-0.76061104 0.78013703,-0.26822551 -0.99198534,-1.36177046 0.78013703,-0.26822551 2.19658062,-0.33057944 -0.13360771,0.12685965 -0.99198534,-1.36177046 -0.13360771,0.12685965 -1.47613247,-1.41633699
 0.05239737,-0.76061104 -0.99198534,-1.36177046 0.78013703,-0.26822551 -0.99198534,-1.36177046 -1.47613247,-1.41633699 -0.13360771,0.12685965 0.78013703,-0.26822551 -0.13360771,0.12685965 2.19658062,-0.33057944
 0.73626688,-0.87463786 0.26373312,-1.04830705 0.26373312,-1.04830705 0.26373312,-1.04830705 0.73626688,-2.12170622 -0.26373312,0.42477286 0.26373312,-1.04830705 -0.26373312,0.42477286 0.73626688,-2.12170622
 0.62463018,-1.09867606 0.12512327,-0.90814345 0.12512327,-0.90814345 0.12512327,-0.90814345 0.95829224,-2.10191713 -0.04170776,0.44456196 0.12512327,-0.90814345 -0.04170776,0.44456196 0.95829224,-2.10191713
 0.35583455,-1.35105084 0.39640617,-0.18118872 -0.65566559,-1.83471754 0.39640617,-0.18118872 1.43789173,-0.95408854 0.03687085,0.39428515 -0.65566559,-1.83471754 0.03687085,0.39428515 -0.66852247,-2.61981209
 0.35583455,-1.35105084 -0.65566559,-1.83471754 0.39640617,-0.18118872 -0.65566559,-1.83471754 -0.66852247,-2.61981209 0.03687085,0.39428515 0.39640617,-0.18118872 0.03687085,0.39428515 1.43789173,-0.95408854
 0.84252299,-1.13665710 0.15747701,-0.92800012 0.15747701,-0.92800012 0.15747701,-0.92800012 0.84252299,-2.10030083 -0.15747701,0.44617825 0.15747701,-0.92800012 -0.15747701,0.44617825 0.84252299,-2.10030083
mu:
 0.37135297,-1.03667812 0.20954901,-1.05396897 0.20954901,-1.05396897 0.20954901,-1.05396897 0.93015033,-2.01158877 -0.06984967,0.53489032 0.20954901,-1.05396897 -0.06984967,0.53489032 0.93015033,-2.01158877
 0.05239737,-0.76061104 0.78013703,-0.26822551 -0.99198534,-1.36177046 0.78013703,-0.26822551 2.19658062,-0.33057944 -0.13360771,0.12685965 -0.99198534,-1.36177046 -0.13360771,0.12685965 -1.47613247,-1.41633699
 0.05239737,-0.76061104 -0.99198534,-1.36177046 0.78013703,-0.26822551 -0.99198534,-1.36177046 -1.47613247,-1.41633699 -0.13360771,0.12685965 0.78013703,-0.26822551 -0.13360771,0.12685965 2.19658062,-0.33057944
 0.73626688,-0.87463786 0.26373312,-1.04830705 0.26373312,-1.04830705 0.26373312,-1.04830705 0.73626688,-2.12170622 -0.26373312,0.42477286 0.26373312,-1.04830705 -0.26373312,0.42477286 0.73626688,-2.12170622
 0.62463018,-1.09867606 0.12512327,-0.90814345 0.12512327,-0.90814345 0.12512327,-0.90814345 0.95829224,-2.10191713 -0.04170776,0.44456196 0.12512327,-0.90814345 -0.04170776,0.44456196 0.95829224,-2.10191713
 0.35583455,-1.35105084 0.39640617,-0.18118872 -0.65566559,-1.83471754 0.39640617,-0.18118872 1.43789173,-0.95408854 0.03687085,0.39428515 -0.65566559,-1.83471754 0.03687085,0.39428515 -0.66852247,-2.61981209
 0.35583455,-1.35105084 -0.65566559,-1.83471754 0.39640617,-0.18118872 -0.65566559,-1.83471754 -0.66852247,-2.61981209 0.03687085,0.39428515 0.39640617,-0.18118872 0.03687085,0.39428515 1.43789173,-0.95408854
 0.84252299,-1.13665710 0.15747701,-0.92800012 0.15747701,-0.92800012 0.15747701,-0.92800012 0.84252299,-2.10030083 -0.15747701,0.44617825 0.15747701,-0.92800012 -0.15747701,0.44617825 0.84252299,-2.10030083
37 0 0 1
1 0
eps:
 0.73626688,-0.87463786 0.26373312,-1.04830705 0.26373312,-1.04830705 0.26373312,-1.04830705 0.73626688,-2.12170622 -0.26373312,0.42477286 0.26373312,-1.04830705 -0.26373312,0.42477286 0.73626688,-2.12170622
 0.05239737,-0.76061104 0.78013703,-0.26822551 -0.99198534,-1.36177046 0.78013703,-0.26822551 2.19658062,-0.33057944 -0.13360771,0.12685965 -0.99198534,-1.36177046 -0.13360771,0.12685965 -1.47613247,-1.41633699
 0.05239737,-0.76061104 -0.99198534,-1.36177046 0.78013703,-0.26822551 -0.99198534,-1.36177046 -1.47613247,-1.41633699 -0.13360771,0.12685965 0.78013703,-0.26822551 -0.13360771,0.12685965 2.19658062,-0.33057944
 0.37135297,-1.03667812 0.20954901,-1.05396897 0.20954901,-1.05396897 0.20954901,-1.05396897 0.93015033,-2.01158877 -0.06984967,0.53489032 0.20954901,-1.05396897 -0.06984967,0.53489032 0.93015033,-2.01158877
 0.84252299,-1.13665710 0.15747701,-0.92800012 0.15747701,-0.92800012 0.15747701,-0.92800012 0.84252299,-2.10030083 -0.15747701,0.44617825 0.15747701,-0.92800012 -0.15747701,0.44617825 0.84252299,-2.10030083
 0.35583455,-1.35105084 0.39640617,-0.18118872 -0.65566559,-1.83471754 0.39640617,-0.18118872 1.43789173,-0.95408854 0.03687085,0.39428515 -0.65566559,-1.83471754 0.03687085,0.39428515 -0.66852247,-2.61981209
 0.35583455,-1.35105084 -0.65566559,-1.83471754 0.39640617,-0.18118872 -0.65566559,-1.83471754 -0.66852247,-2.61981209 0.03687085,0.39428515 0.39640617,-0.18118872 0.03687085,0.39428515 1.43789173,-0.95408854
 0.62463018,-1.09867606 0.12512327,-0.90814345 0.12512327,-0.90814345 0.12512327,-0.90814345 0.95829224,-2.10191713 -0.04170776,0.44456196 0.12512327,-0.90814345 -0.04170776,0.44456196 0.95829224,-2.10191713
mu:
 0.73626688,-0.87463786 0.26373312,-1.04830705 0.26373312,-1.04830705 0.26373312,-1.04830705 0.73626688,-2.12170622 -0.26373312,0.42477286 0.26373312,-1.04830705 -0.26373312,0.42477286 0.73626688,-2.12170622
 0.05239737,-0.76061104 0.78013703,-0.26822551 -0.99198534,-1.36177046 0.78013703,-0.26822551 2.19658062,-0.33057944 -0.13360771,0.12685965 -0.99198534,-1.36177046 -0.13360771,0.12685965 -1.47613247,-1.41633699
 0.05239737,-0.76061104 -0.99198534,-1.36177046 0.78013703,-0.26822551 -0.99198534,-1.36177046 -1.47613247,-1.41633699 -0.13360771,0.12685965 0.78013703,-0.26822551 -0.13360771,0.12685965 2.19658062,-0.33057944
 0.37135297,-1.03667812 0.20954901,-1.05396897 0.20954901,-1.05396897 0.20954901,-1.05396897 0.93015033,-2.01158877 -0.06984967,0.53489032 0.20954901,-1.05396897 -0.06984967,0.53489032 0.93015033,-2.01158877
 0.84252299,-1.13665710 0.15747701,-0.92800012 0.15747701,-0.92800012 0.15747701,-0.92800012 0.84252299,-2.10030083 -0.15747701,0.44617825 0.15747701,-0.92800012 -0.15747701,0.44617825 0.84252299,-2.10030083
 0.35583455,-1.35105084 0.39640617,-0.18118872 -0.65566559,-1.83471754 0.39640617,-0.18118872 1.43789173,-0.95408854 0.03687085,0.39428515 -0.65566559,-1.83471754 0.03687085,0.39428515 -0.66852247,-2.61981209
 0.35583455,-1.35105084 -0.65566559,-1.83471754 0.39640617,-0.18118872 -0.65566559,-1.83471754 -0.66852247,-2.61981209 0.03687085,0.39428515 0.39640617,-0.18118872 0.03687085,0.39428515 1.43789173,-0.95408854
 0.62463018,-1.09867606 0.12512327,-0.90814345 0.12512327,-0.90814345 0.12512327,-0.90814345 0.95829224,-2.10191713 -0.04170776,0.44456196 0.12512327,-0.90814345 -0.04170776,0.44456196 0.95829224,-2.10191713
38 0 0 1
1 0
eps:
 0.05238658,-0.47809116 0.31587114,-0.05222955 -0.33456309,-1.38166285 0.31587114,-0.05222955 2.56172653,-1.48542721 0.11152103,-0.17667881 -0.33456309,-1.38166285 0.11152103,-0.17667881 -0.95805744,-1.72430835
 0.05238658,-0.47809116 -0.31587114,0.05222955 -0.33456309,-1.38166285 -0.31587114,0.05222955 2.56172653,-1.48542721 -0.11152103,0.17667881 -0.33456309,-1.38166285 -0.11152103,0.17667881 -0.95805744,-1.72430835
 0.52797030,-0.05247414 0.15734323,-0.19410190 0.94315204,-0.80688782 0.15734323,-0.19410190 -1.03844610,-2.62350450 -0.31438401,0.05655158 0.94315204,-0.80688782 -0.31438401,0.05655158 2.09069663,-1.02961248
 0.52797030,-0.05247414 -0.15734323,0.19410190 0.94315204,-0.80688782 -0.15734323,0.19410190 -1.03844610,-2.62350450 0.31438401,-0.05655158 0.94315204,-0.80688782 0.31438401,-0.05655158 2.09069663,-1.02961248
 0.40057835,-0.95933649 0.19980722,-0.03664015 -0.25983963,-1.69573339 0.19980722,-0.03664015 1.59130178,-1.56414326 0.08661321,0.07283708 -0.25983963,-1.69573339 0.08661321,0.07283708 -0.27657913,-2.42608952
 0.40057835,-0.95933649 -0.19980722,0.03664015 -0.25983963,-1.69573339 -0.19980722,0.03664015 1.59130178,-1.56414326 -0.08661321,-0.07283708 -0.25983963,-1.69573339 -0.08661321,-0.07283708 -0.27657913,-2.42608952
 0.64315693,-0.20617119 0.11894769,-0.28769525 0.42907466,-0.68405901 0.11894769,-0.28769525 -0.37058258,-3.55023569 -0.14302489,0.06388388 0.42907466,-0.68405901 -0.14302489,0.06388388 1.41150364,-1.21621571
 0.64315693,-0.20617119 -0.11894769,0.28769525 0.42907466,-0.68405901 -0.11894769,0.28769525 -0.37058258,-3.55023569 0.14302489,-0.06388388 0.42907466,-0.68405901 0.14302489,-0.06388388 1.41150364,-1.21621571
mu:
 0.05238658,-0.47809116 0.31587114,-0.05222955 -0.33456309,-1.38166285 0.31587114,-0.05222955 2.56172653,-1.48542721 0.11152103,-0.17667881 -0.33456309,-1.38166285 0.11152103,-0.17667881 -0.95805744,-1.72430835
 0.05238658,-0.47809116 -0.31587114,0.05222955 -0.33456309,-1.38166285 -0.31587114,0.05222955 2.56172653,-1.48542721 -0.11152103,0.17667881 -0.33456309,-1.38166285 -0.11152103,0.17667881 -0.95805744,-1.72430835
 0.52797030,-0.05247414 0.15734323,-0.19410190 0.94315204,-0.80688782 0.15734323,-0.19410190 -1.03844610,-2.62350450 -0.31438401,0.05655158 0.94315204,-0.80688782 -0.31438401,0.05655158 2.09069663,-1.02961248
 0.52797030,-0.05247414 -0.15734323,0.19410190 0.94315204,-0.80688782 -0.15734323,0.19410190 -1.03844610,-2.62350450 0.31438401,-0.05655158 0.94315204,-0.80688782 0.31438401,-0.05655158 2.09069663,-1.02961248
 0.40057835,-0.95933649 0.19980722,-0.03664015 -0.25983963,-1.69573339 0.19980722,-0.03664015 1.59130178,-1.56414326 0.08661321,0.07283708 -0.25983963,-1.69573339 0.08661321,0.07283708 -0.27657913,-2.42608952
 0.40057835,-0.95933649 -0.19980722,0.03664015 -0.25983963,-1.69573339 -0.19980722,0.03664015 1.59130178,-1.56414326 -0.08661321,-0.07283708 -0.25983963,-1.69573339 -0.08661321,-0.07283708 -0.27657913,-2.42608952
 0.64315693,-0.20617119 0.11894769,-0.28769525 0.42907466,-0.68405901 0.11894769,-0.28769525 -0.37058258,-3.55023569 -0.14302489,0.06388388 0.42907466,-0.68405901 -0.14302489,0.06388388 1.41150364,-1.21621571
 0.64315693,-0.20617119 -0.11894769,0.28769525 0.42907466,-0.68405901 -0.11894769,0.28769525 -0.37058258,-3.55023569 0.14302489,-0.06388388 0.42907466,-0.68405901 0.14302489,-0.06388388 1.41150364,-1.21621571
39 0 0 1
1 0
eps:
 0.05239737,-0.76061104 -0.78013703,0.26822551 -0.99198534,-1.36177046 -0.78013703,0.26822551 2.19658062,-0.33057944 0.13360771,-0.12685965 -0.99198534,-1.36177046 0.13360771,-0.12685965 -1.47613247,-1.41633699
 0.73626688,-0.87463786 -0.26373312,1.04830705 0.26373312,-1.04830705 -0.26373312,1.04830705 0.73626688,-2.12170622 0.26373312,-0.42477286 0.26373312,-1.04830705 0.26373312,-0.42477286 0.73626688,-2.12170622
 0.37135297,-1.03667812 -0.20954901,1.05396897 0.20954901,-1.05396897 -0.20954901,1.05396897 0.93015033,-2.01158877 0.06984967,-0.53489032 0.20954901,-1.05396897 0.06984967,-0.53489032 0.93015033,-2.01158877
 0.05239737,-0.76061104 0.99198534,1.36177046 0.78013703,-0.26822551 0.99198534,1.36177046 -1.47613247,-1.41633699 0.13360771,-0.12685965 0.78013703,-0.26822551 0.13360771,-0.12685965 2.19658062,-0.33057944
 0.35583455,-1.35105084 -0.39640617,0.18118872 -0.65566559,-1.83471754 -0.39640617,0.18118872 1.43789173,-0.95408854 -0.03687085,-0.39428515 -0.65566559,-1.83471754 -0.03687085,-0.39428515 -0.66852247,-2.61981209
 0.84252299,-1.13665710 -0.15747701,0.92800012 0.15747701,-0.92800012 -0.15747701,0.92800012 0.84252299,-2.10030083 0.15747701,-0.44617825 0.15747701,-0.92800012 0.15747701,-0.44617825 0.84252299,-2.10030083
 0.62463018,-1.09867606 -0.12512327,0.90814345 0.12512327,-0.90814345 -0.12512327,0.90814345 0.95829224,-2.10191713 0.04170776,-0.44456196 0.12512327,-0.90814345 0.04170776,-0.44456196 0.95829224,-2.10191713
 0.35583455,-1.35105084 0.65566559,1.83471754 0.39640617,-0.18118872 0.65566559,1.83471754 -0.66852247,-2.61981209 -0.03687085,-0.39428515 0.39640617,-0.18118872 -0.03687085,-0.39428515 1.43789173,-0.95408854
mu:
 0.05239737,-0.76061104 -0.78013703,0.26822551 -0.99198534,-1.36177046 -0.78013703,0.26822551 2.19658062,-0.33057944 0.13360771,-0.12685965 -0.99198534,-1.36177046 0.13360771,-0.12685965 -1.47613247,-1.41633699
 0.73626688,-0.87463786 -0.26373312,1.04830705 0.26373312,-1.04830705 -0.26373312,1.04830705 0.73626688,-2.12170622 0.26373312,-0.42477286 0.26373312,-1.04830705 0.26373312,-0.42477286 0.73626688,-2.12170622
 0.37135297,-1.03667812 -0.20954901,1.05396897 0.20954901,-1.05396897 -0.20954901,1.05396897 0.93015033,-2.01158877 0.06984967,-0.53489032 0.20954901,-1.05396897 0.06984967,-0.53489032 0.93015033,-2.01158877
 0.05239737,-0.76061104 0.99198534,1.36177046 0.78013703,-0.26822551 0.99198534,1.36177046 -1.47613247,-1.41633699 0.13360771,-0.12685965 0.78013703,-0.26822551 0.13360771,-0.12685965 2.19658062,-0.33057944
 0.35583455,-1.35105084 -0.39640617,0.18118872 -0.65566559,-1.83471754 -0.39640617,0.18118872 1.43789173,-0.95408854 -0.03687085,-0.39428515 -0.65566559,-1.83471754 -0.03687085,-0.39428515 -0.66852247,-2.61981209
 0.84252299,-1.13665710 -0.15747701,0.92800012 0.15747701,-0.92800012 -0.15747701,0.92800012 0.84252299,-2.10030083 0.15747701,-0.44617825 0.15747701,-0.92800012 0.15747701,-0.44617825 0.84252299,-2.10030083
 0.62463018,-1.09867606 -0.12512327,0.90814345 0.12512327,-0.90814345 -0.12512327,0.90814345 0.95829224,-2.10191713 0.04170776,-0.44456196 0.12512327,-0.90814345 0.04170776,-0.44456196 0.95829224,-2.10191713
 0.35583455,-1.35105084 0.65566559,1.83471754 0.39640617,-0.18118872 0.65566559,1.83471754 -0.66852247,-2.61981209 -0.03687085,-0.39428515 0.39640617,-0.18118872 -0.03687085,-0.39428515 1.43789173,-0.95408854
40 0 0 1
1 0
eps:
 0.05238658,-0.47809116 -0.33456309,-1.38166285 0.31587114,-0.05222955 -0.33456309,-1.38166285 -0.95805744,-1.72430835 0.11152103,-0.17667881 0.31587114,-0.05222955 0.11152103,-0.17667881 2.56172653,-1.48542721
 0.52797030,-0.05247414 0.94315204,-0.80688782 0.15734323,-0.19410190 0.94315204,-0.80688782 2.09069663,-1.02961248 -0.31438401,0.05655158 0.15734323,-0.19410190 -0.31438401,0.05655158 -1.03844610,-2.62350450
 0.05238658,-0.47809116 -0.33456309,-1.38166285 -0.31587114,0.05222955 -0.33456309,-1.38166285 -0.95805744,-1.72430835 -0.11152103,0.17667881 -0.31587114,0.05222955 -0.11152103,0.17667881 2.56172653,-1.48542721
 0.52797030,-0.05247414 0.94315204,-0.80688782 -0.15734323,0.19410190 0.94315204,-0.80688782 2.09069663,-1.02961248 0.31438401,-0.05655158 -0.15734323,0.19410190 0.31438401,-0.05655158 -1.03844610,-2.62350450
 0.40057835,-0.95933649 -0.25983963,-1.69573339 0.19980722,-0.03664015 -0.25983963,-1.69573339 -0.27657913,-2.42608952 0.08661321,0.07283708 0.19980722,-0.03664015 0.08661321,0.07283708 1.59130178,-1.56414326
 0.64315693,-0.20617119 0.42907466,-0.68405901 0.11894769,-0.28769525 0.42907466,-0.68405901 1.41150364,-1.21621571 -0.14302489,0.06388388 0.11894769,-0.28769525 -0.14302489,0.06388388 -0.37058258,-3.55023569
 0.40057835,-0.95933649 -0.25983963,-1.69573339 -0.19980722,0.03664015 -0.25983963,-1.69573339 -0.27657913,-2.42608952 -0.08661321,-0.07283708 -0.19980722,0.03664015 -0.08661321,-0.07283708 1.59130178,-1.56414326
 0.64315693,-0.20617119 0.42907466,-0.68405901 -0.11894769,0.28769525 0.42907466,-0.68405901 1.41150364,-1.21621571 0.14302489,-0.06388388 -0.11894769,0.28769525 0.14302489,-0.06388388 -0.37058258,-3.55023569
mu:
 0.05238658,-0.47809116 -0.33456309,-1.38166285 0.31587114,-0.05222955 -0.33456309,-1.38166285 -0.95805744,-1.72430835 0.11152103,-0.17667881 0.31587114,-0.05222955 0.11152103,-0.17667881 2.56172653,-1.48542721
